496
0.01	1.7079984	0.56614113	0.33100228	5.0684237	0.10865831	6494.2557	0.00085880812
0.011	1.7107002	0.56672175	0.33075067	5.0684237	0.0097113755	6875.7496	0.0011463508
0.012	1.7157667	0.56805918	0.33050705	5.0684237	0.045359383	7279.6536	0.0014925745
0.013	1.7190897	0.56882988	0.33025175	5.0684237	0.012747703	7707.2843	0.0019032012
0.014	1.7236727	0.56999904	0.33000045	5.0684237	0.029207759	8160.0355	0.0023840253
0.015	1.7273239	0.57086528	0.3297406	5.0684237	0.014520177	8639.3827	0.0029409147
0.016	1.73172	0.5719636	0.32948249	5.0684237	0.024217138	9146.8883	0.0035798139
0.017	1.7355771	0.572886	0.32921756	5.0684237	0.016363213	9684.2065	0.0043067452
0.018	1.7399122	0.5739546	0.32895301	5.0684237	0.017664405	10253.089	0.0051278111
0.019	1.7439184	0.57491484	0.32868264	5.0684237	0.018694727	10855.389	0.0060491966
0.02	1.748253	0.57597326	0.32841174	5.0684237	0.024347665	11493.07	0.0070771715
0.021	1.7523802	0.57696212	0.32813567	5.0684237	0.021741441	12168.21	0.0082180922
0.022	1.7567465	0.57802055	0.32785842	5.0684237	0.026950232	12883.011	0.0094784049
0.023	1.7609802	0.57903311	0.3275764	5.0684237	0.026302729	13639.801	0.010864648
0.024	1.7653969	0.58009735	0.32729274	5.0684237	0.028165016	14441.048	0.012383453
0.025	1.7697296	0.58113089	0.32700456	5.0684237	0.031376392	15289.362	0.01404155
0.026	1.7742089	0.58220445	0.32671437	5.0684237	0.033989646	16187.509	0.015845768
0.027	1.7786368	0.58325748	0.32641982	5.0684237	0.03796648	17138.416	0.01780304
0.028	1.7831868	0.58434268	0.32612297	5.0684238	0.041497746	18145.183	0.019920403
0.029	1.7877086	0.58541437	0.32582186	5.0684238	0.046469101	19211.091	0.022205004
0.03	1.7923358	0.58651282	0.3255182	5.0684238	0.051146769	20339.613	0.024664102
0.031	1.7969514	0.5876028	0.32521033	5.0684238	0.05740072	21534.429	0.027305069
0.032	1.8016607	0.58871568	0.32489968	5.0684238	0.06352648	22799.431	0.030135399
0.033	1.806371	0.58982382	0.32458485	5.0684238	0.071427969	24138.745	0.033162704
0.034	1.8111668	0.5909521	0.32426705	5.0684238	0.079393703	25556.734	0.036394725
0.035	1.8159734	0.59207844	0.32394505	5.0684239	0.089406093	27058.02	0.039839331
0.036	1.8208597	0.59322292	0.3236199	5.0684239	0.10045764	28647.497	0.043504524
0.037	1.8257645	0.59436764	0.32329052	5.0684239	0.11242759	30330.345	0.047398443
0.038	1.830745	0.59552903	0.32295783	5.068424	0.1257266	32112.048	0.051529369
0.039	1.8357504	0.59669238	0.32262086	5.068424	0.14188304	33998.415	0.055905729
0.04	1.8408287	0.59787131	0.32228043	5.0684241	0.15899186	35995.593	0.060536099
0.041	1.8459373	0.59905362	0.32193565	5.0684242	0.17953661	38110.093	0.065429211
0.042	1.851117	0.60025072	0.32158724	5.0684243	0.20245278	40348.804	0.070593957
0.043	1.8563317	0.60145235	0.32123443	5.0684244	0.22761918	42719.025	0.076039391
0.044	1.8616163	0.60266821	0.32087784	5.0684246	0.25680519	45228.481	0.08177474
0.045	1.8669402	0.60388958	0.32051675	5.0684248	0.28894234	47885.35	0.087809404
0.046	1.8723335	0.60512478	0.32015174	5.068425	0.32607219	50698.292	0.094152965
0.047	1.8777698	0.60636635	0.31978213	5.0684252	0.36703743	53676.476	0.10081519
0.048	1.8832756	0.60762147	0.31940846	5.0684256	0.41286927	56829.608	0.10780604
0.049	1.8888279	0.60888372	0.31903009	5.068426	0.46632369	60167.965	0.11513568
0.05	1.89445	0.61015935	0.3186475	5.0684264	0.52463417	63702.429	0.12281446
0.051	1.9001219	0.6114428	0.3182601	5.068427	0.59231057	67444.518	0.13085298
0.052	1.9058644	0.61273955	0.31786833	5.0684277	0.66631845	71406.43	0.13926201
0.053	1.9116597	0.61404473	0.31747164	5.0684285	0.75183939	75601.077	0.14805259
0.054	1.9175268	0.61536322	0.31707043	5.0684295	0.84553103	80042.132	0.15723596
0.055	1.9234497	0.61669071	0.31666417	5.0684306	0.95337002	84744.069	0.16682363
0.056	1.9294456	0.61803155	0.31625322	5.068432	1.0716609	89722.214	0.17682735
0.057	1.9355004	0.61938196	0.3158371	5.0684337	1.2073183	94992.79	0.18725912
0.058	1.9416298	0.62074581	0.31541613	5.0684357	1.3588297	100572.98	0.19813121
0.059	1.947821	0.62211975	0.31498984	5.068438	1.52645	106480.96	0.20945617
0.06	1.9540884	0.62350729	0.31455855	5.0684408	1.7163565	112736.	0.22124684
0.061	1.9604208	0.62490542	0.31412179	5.0684441	1.9263372	119358.49	0.23351635
0.062	1.9668313	0.62631734	0.31367985	5.068448	2.1636648	126370.	0.24627815
0.063	1.9733098	0.62774035	0.31323229	5.0684527	2.4258811	133793.38	0.25954598
0.064	1.9798686	0.62917737	0.31277938	5.0684582	2.7175797	141652.84	0.27333393
0.065	1.9864985	0.63062597	0.3123207	5.0684646	3.0479067	149974.	0.28765644
0.066	1.993211	0.63208885	0.31185647	5.0684722	3.4104496	158783.96	0.30252827
0.067	1.9999976	0.63356379	0.31138631	5.0684812	3.8198292	168111.45	0.31796457
0.068	2.0068695	0.63505329	0.31091042	5.0684917	4.2688177	177986.87	0.33398088
0.069	2.0138189	0.63655535	0.3104284	5.0685041	4.7743952	188442.4	0.3505931
0.07	2.0208561	0.63807228	0.30994048	5.0685186	5.3283877	199512.12	0.36781757
0.071	2.0279741	0.63960228	0.30944624	5.0685356	5.9504921	210912.67	0.38567104
0.072	2.035183	0.6411475	0.3089459	5.0685555	6.6314328	222870.2	0.40417069
0.073	2.0424762	0.64270628	0.30843905	5.0685787	7.3940219	235397.92	0.42333417
0.074	2.0498632	0.64428066	0.30792588	5.0686058	8.2276967	248507.96	0.4431796
0.075	2.0573383	0.64586911	0.30740602	5.0686373	9.1588257	262211.16	0.4637256
0.076	2.0649105	0.64747356	0.30687961	5.068674	10.175337	276516.91	0.48499129
0.077	2.0725746	0.64909263	0.3063463	5.0687166	11.307642	291432.94	0.50699633
0.078	2.0803393	0.65072811	0.30580623	5.068766	12.541893	306965.13	0.52976092
0.079	2.0881998	0.65237875	0.30525903	5.0688233	13.913074	323117.35	0.55330584
0.08	2.0961647	0.65404627	0.30470484	5.0688896	15.405246	339891.17	0.57765248
0.081	2.1042296	0.6557295	0.30414328	5.0689662	17.058535	357285.74	0.60282284
0.082	2.1124029	0.65743009	0.3035745	5.0690546	18.854536	375297.5	0.62883956
0.083	2.1206804	0.65914698	0.30299812	5.0691566	20.839133	393920.02	0.65572598
0.084	2.1290706	0.66088174	0.30241426	5.0692739	22.991	413143.77	0.6835061
0.085	2.1375697	0.6626334	0.30182255	5.0694089	25.362436	432955.87	0.7122047
0.086	2.1461859	0.66440348	0.3012231	5.0695638	27.928661	453339.93	0.74184728
0.087	2.1549158	0.66619108	0.30061553	5.0697415	30.749073	474275.85	0.77246015
0.088	2.1637677	0.66799767	0.29999996	5.0699449	33.794813	495739.55	0.80407045
0.089	2.1727383	0.66982243	0.299376	5.0701776	37.133093	517702.96	0.83670619
0.09	2.1818359	0.6716668	0.29874374	5.0704434	40.730236	540133.75	0.87039626
0.091	2.1910577	0.67353	0.29810282	5.0707465	44.662005	562995.11	0.90517051
0.092	2.2004119	0.67541346	0.2974533	5.0710919	48.889044	586245.64	0.94105977
0.093	2.2098959	0.67731646	0.29679482	5.0714847	53.496417	609839.29	0.97809587
0.094	2.219518	0.67924039	0.29612744	5.0719311	58.438093	633725.25	1.0163117
0.095	2.229276	0.6811846	0.29545078	5.0724376	63.809188	657847.87	1.0557414
0.096	2.2391782	0.68315046	0.2947649	5.0730115	69.555853	682146.68	1.0964202
0.097	2.2492227	0.68513737	0.29406941	5.073661	75.783994	706556.34	1.1383843
0.098	2.2594179	0.68714669	0.29336437	5.074395	82.430642	731006.73	1.1816717
0.099	2.2697621	0.68917787	0.29264939	5.0752234	89.613217	755423.4	1.2263213
0.1	2.2802639	0.69123226	0.2919245	5.076157	97.258153	777616.96	1.2723736
0.101	2.290922	0.69330936	0.2911893	5.077208	105.49508	800899.57	1.3198705
0.102	2.3017451	0.69541051	0.29044384	5.0783894	114.23818	825456.88	1.3688556
0.103	2.312732	0.69753526	0.2896877	5.0797157	123.62993	848014.06	1.4193739
0.104	2.3238919	0.69968496	0.28892091	5.0812025	133.57046	871780.61	1.4714722
0.105	2.3352238	0.70185921	0.28814305	5.0828671	144.21569	893227.42	1.5251991
0.106	2.3467371	0.70405934	0.28735414	5.0847283	155.44965	915808.95	1.5806051
0.107	2.3584311	0.70628501	0.28655375	5.0868064	167.44228	935735.75	1.6377425
0.108	2.3703154	0.70853758	0.2857419	5.0891235	180.05934	956716.03	1.6966658
0.109	2.3823898	0.71081672	0.28491814	5.0917038	193.48525	974695.75	1.7574316
0.11	2.3946641	0.71312381	0.28408247	5.094573	207.56517	993644.52	1.820099
0.111	2.4071384	0.71545859	0.28323445	5.0977594	222.49841	1.0092414e6	1.8847291
0.112	2.4198231	0.71782244	0.28237407	5.101293	238.10711	1.0257238e6	1.9513858
0.113	2.4327183	0.72021513	0.28150085	5.1052063	254.60578	1.0385038e6	2.0201357
0.114	2.445835	0.72263809	0.28061481	5.1095343	271.791	1.0520912e6	2.091048
0.115	2.4591736	0.72509114	0.27971543	5.1143142	289.89279	1.0616333e6	2.164195
0.116	2.4727457	0.72757571	0.27880272	5.119586	308.67956	1.0719152e6	2.2396521
0.117	2.486552	0.73009167	0.27787617	5.1253923	328.39709	1.077824e6	2.3174979
0.118	2.5006044	0.73264051	0.27693576	5.1317784	348.78301	1.084421e6	2.3978145
0.119	2.5149043	0.73522212	0.27598097	5.1387924	370.0991	1.0863402e6	2.4806879
0.12	2.5294641	0.73783804	0.27501177	5.1464853	392.04969	1.088917e6	2.5662075
0.121	2.5442856	0.7404882	0.27402762	5.1549111	414.91276	1.0865426e6	2.6544672
0.122	2.559382	0.74317419	0.27302849	5.1641265	438.35693	1.084822e6	2.7455652
0.123	2.5747552	0.74589599	0.2720138	5.1741915	462.67665	1.0779155e6	2.839604
0.124	2.5904194	0.74865524	0.27098354	5.1851688	487.50264	1.0716907e6	2.9366912
0.125	2.6063771	0.75145198	0.26993711	5.1971242	513.14612	1.060092e6	3.0369396
0.126	2.6226431	0.75428788	0.26887446	5.2101262	539.19803	1.0492389e6	3.1404673
0.127	2.6392204	0.75716306	0.26779499	5.2242464	565.98675	1.032877e6	3.2473982
0.128	2.6561249	0.76007925	0.26669866	5.2395588	593.06192	1.0173642e6	3.3578625
0.129	2.6733602	0.76303661	0.26558481	5.2561404	620.76962	996266.98	3.4719968
0.13	2.690943	0.76603696	0.26445341	5.2740703	648.61714	976164.11	3.5899447
0.131	2.7088776	0.76908052	0.26330379	5.29343	676.96895	950464.87	3.7118571
0.132	2.727182	0.77216918	0.26213589	5.3143031	705.28952	925948.03	3.8378929
0.133	2.7458611	0.77530322	0.26094902	5.3367749	733.96257	895889.3	3.9682193
0.134	2.7649341	0.77848463	0.25974312	5.3609322	762.40989	867243.31	4.1030125
0.135	2.7844068	0.78171376	0.25851747	5.3868631	791.03553	833177.41	4.242458
0.136	2.8042998	0.7849927	0.25727201	5.4146564	819.21945	800794.45	4.3867516
0.137	2.8246196	0.78832185	0.25600599	5.4444013	847.38733	763180.09	4.5361
0.138	2.8453886	0.79170343	0.25471934	5.4761869	874.87888	727554.64	4.6907214
0.139	2.8666142	0.79513793	0.25341129	5.5101019	902.14294	686949.71	4.8508462
0.14	2.8883204	0.79862767	0.25208175	5.5462338	928.48134	648669.39	5.0167184
0.141	2.9105158	0.80217323	0.25072994	5.5846686	954.36777	605719.72	5.1885958
0.142	2.9332264	0.80577708	0.24935577	5.6254899	979.35832	566822.53	5.3667517
0.143	2.9564621	0.80943989	0.2479584	5.6687787	1003.0865	520876.66	5.5514755
0.144	2.980251	0.81316426	0.24653777	5.7146121	1025.9579	480636.49	5.7430739
0.145	3.0046042	0.81695098	0.24509301	5.7630634	1047.3054	433925.03	5.9418727
0.146	3.0295527	0.82080284	0.24362406	5.8142005	1067.5617	393114.57	6.1482176
0.147	3.0551088	0.8247207	0.24213001	5.8680859	1086.0383	346445.91	6.3624759
0.148	3.0813063	0.82870755	0.24061082	5.9247754	1103.1975	305860.02	6.5850383
0.149	3.1081595	0.83276438	0.23906555	5.9843178	1118.3348	260050.81	6.8163204
0.15	3.1357053	0.83689441	0.23749417	6.0467535	1131.9441	220482.21	7.0567648
0.151	3.1639597	0.84109874	0.23589571	6.1121143	1143.3103	176332.22	7.3068431
0.152	3.1929634	0.84538081	0.23427019	6.180422	1152.9613	138546.3	7.5670584
0.153	3.2227347	0.84974191	0.23261659	6.2516884	1160.1773	96812.921	7.8379474
0.154	3.2533182	0.85418572	0.23093496	6.3259137	1165.5214	61522.595	8.1200832
0.155	3.2847348	0.85871369	0.22922428	6.4030863	1168.2755	22896.013	8.4140787
0.156	3.3170339	0.86332982	0.22748464	6.4831817	1168.6757	-9259.287	8.7205887
0.157	3.3502389	0.86803572	0.22571499	6.5661623	1167.1013	-44182.004	9.0403146
0.158	3.3844047	0.87283573	0.22391551	6.6519763	1162.7301	-72646.467	9.374007
0.159	3.4195579	0.87773166	0.22208514	6.7405574	1156.3338	-103393.02	9.7224707
0.16	3.4557596	0.88272823	0.22022414	6.8318241	1147.1069	-127746.16	10.086568
0.161	3.4930399	0.88782749	0.21833146	6.9256795	1135.8562	-153951.91	10.467225
0.162	3.5314668	0.89303456	0.21640747	7.0220107	1121.7983	-173903.74	10.865436
0.163	3.5710745	0.89835174	0.21445117	7.1206886	1105.7724	-195342.09	11.282266
0.164	3.6119391	0.90378465	0.21246306	7.2215679	1087.0223	-210742.09	11.718864
0.165	3.6540994	0.90933587	0.2104422	7.3244868	1066.416	-227330.68	12.176461
0.166	3.6976405	0.91501154	0.20838928	7.429267	1043.2286	-238171.17	12.656382
0.167	3.7426066	0.92081458	0.20630348	7.5357141	1018.3522	-249972.2	13.160054
0.168	3.7890928	0.92675172	0.2041857	7.6436177	991.46346	-256480.78	13.689009
0.169	3.8371497	0.93282625	0.20203529	7.7527517	962.37057	-263600.61	14.244895
0.17	3.8868837	0.93904557	0.19985345	7.862875	931.90127	-265937.11	14.829486
0.171	3.9383492	0.9454134	0.19763963	7.9737321	899.47594	-269041.63	15.444685
0.172	3.9916752	0.95193784	0.19539579	8.0850536	866.29391	-267554.8	16.092541
0.173	4.0468562	0.95862257	0.19313266	8.1965576	830.8399	-271485.5	16.774074
0.174	4.1042602	0.96547792	0.19058295	8.3079502	793.7515	-271683.99	17.516981
0.175	4.1640515	0.9725082	0.18776674	8.418927	754.81728	-271053.71	18.326445
0.176	4.2266578	0.97972752	0.18471361	8.5291741	714.43993	-267000.8	19.208145
0.177	4.2923351	0.98714234	0.18144783	8.6383698	672.8855	-260427.06	20.168306
0.178	4.3615334	0.99477066	0.17799904	8.7461856	630.65735	-250763.01	21.213757
0.179	4.4345434	1.0026216	0.17439168	8.8522884	587.93414	-239446.87	22.351997
0.18	4.511843	1.0107169	0.17065413	8.9563414	545.42492	-225554.23	23.591262
0.181	4.5937303	1.0190684	0.16680877	9.0580065	502.99937	-211561.83	24.940597
0.182	4.6807563	1.027702	0.16288296	9.1569458	461.46493	-195641.14	26.409937
0.183	4.7732609	1.0366321	0.15889713	9.2528235	420.55589	-180372.44	28.010181
0.184	4.8718603	1.045889	0.15487642	9.3453076	381.13912	-163850.92	29.753272
0.185	4.9769338	1.0554902	0.1508388	9.4340723	342.794	-148619.93	31.65225
0.186	5.0891795	1.0654711	0.14680748	9.5187994	306.02796	-132722.97	33.721281
0.187	5.209031	1.0758522	0.14279877	9.5991804	271.40042	-118508.47	35.975615
0.188	5.3372656	1.0866743	0.13883491	9.6749185	238.30519	-104073.68	38.431414
0.189	5.4743809	1.0979618	0.13493294	9.7457303	207.57605	-91501.031	41.105348
0.19	5.6212086	1.109761	0.13111728	9.8113477	178.58031	-79039.416	44.013765
0.191	5.7783342	1.1221005	0.12741223	9.8715195	152.02612	-68404.976	47.171112
0.192	5.9465148	1.135032	0.12385182	9.926013	127.33201	-58120.662	50.587058
0.193	6.1264399	1.148589	0.12048296	9.9746158	105.02318	-49520.923	54.261469
0.194	6.3184234	1.162826	0.11736687	10.017137	84.617362	-41439.767	58.175995
0.195	6.5232587	1.177782	0.11460612	10.053408	66.404793	-34844.463	62.280989
0.196	6.73986	1.1935053	0.11232092	10.083284	50.036681	-28912.631	66.477553
0.197	6.9686903	1.2100397	0.11071241	10.106647	35.516571	-24356.301	70.598826
0.198	7.2060402	1.2274068	0.10998033	10.123403	22.534875	-20572.599	74.403897
0.199	7.4506473	1.2456448	0.11038138	10.133483	10.81791	-18088.272	77.607912
0.2	7.6967497	1.2647259	0.11206876	10.136847	0	-16352.463	79.964087
0.201	7.9401874	1.2846586	0.11508052	10.133483	-10.340071	-15626.402	81.368089
0.202	8.1769672	1.3053672	0.11927583	10.123403	-20.444678	-15364.677	81.908115
0.203	8.4024398	1.3268146	0.12434906	10.106647	-30.665484	-15494.05	81.815312
0.204	8.6162801	1.3489092	0.12997982	10.083284	-40.849771	-15708.333	81.359852
0.205	8.8163935	1.3715825	0.13583544	10.053408	-51.216601	-15807.702	80.769317
0.206	9.0041663	1.3947548	0.14168752	10.017137	-61.388194	-15762.122	80.19889
0.207	9.1797721	1.4183531	0.14736247	9.9746158	-71.469773	-15457.237	79.73764
0.208	9.3446326	1.4423163	0.15276668	9.926013	-81.158081	-14950.825	79.427338
0.209	9.4997382	1.466582	0.15784985	9.8715195	-90.452823	-14246.948	79.280397
0.21	9.646162	1.4911042	0.1625969	9.8113477	-99.219406	-13374.468	79.292886
0.211	9.7849239	1.5158338	0.16701517	9.7457303	-107.38721	-12408.103	79.452791
0.212	9.9167893	1.5407358	0.17112194	9.6749185	-114.94948	-11330.487	79.744861
0.213	10.042581	1.5657724	0.17494369	9.5991804	-121.81067	-10239.854	80.153278
0.214	10.162845	1.5909166	0.17850638	9.5187994	-128.02982	-9091.0376	80.663016
0.215	10.278196	1.6161391	0.1818387	9.4340723	-133.5177	-7980.0431	81.260467
0.216	10.389023	1.6414187	0.18496542	9.3453076	-138.35869	-6852.3403	81.933649
0.217	10.495771	1.6667325	0.18791125	9.2528235	-142.48435	-5784.7585	82.672194
0.218	10.598725	1.6920632	0.1906967	9.1569458	-145.97634	-4729.0404	83.467241
0.219	10.698214	1.7173928	0.19334132	9.0580065	-148.79148	-3744.5025	84.311276
0.22	10.794447	1.7427071	0.19586094	8.9563414	-151.00474	-2791.2273	85.19796
0.221	10.887667	1.7679915	0.19827029	8.8522884	-152.59454	-1910.7536	86.12197
0.222	10.978033	1.7932342	0.20058122	8.7461856	-153.62521	-1073.5049	87.078845
0.223	11.065726	1.8184233	0.20280457	8.6383698	-154.09319	-306.175	88.064857
0.224	11.150872	1.8435489	0.20494907	8.5291741	-154.0525	411.34608	89.076892
0.225	11.233609	1.8686009	0.20702261	8.418927	-153.51367	1066.7878	90.112357
0.226	11.314045	1.893571	0.2090317	8.3079502	-152.51794	1669.8152	91.169088
0.227	11.392301	1.9184509	0.21098228	8.1965576	-151.08536	2205.2933	92.245287
0.228	11.468451	1.9432334	0.21287889	8.0850536	-149.26558	2687.8402	93.339459
0.229	11.542578	1.9679115	0.21472566	7.9737321	-147.08139	3119.2075	94.450361
0.23	11.61476	1.9924789	0.21652613	7.862875	-144.56239	3499.7958	95.576962
0.231	11.685072	2.0169298	0.21828346	7.7527517	-141.73959	3830.3735	96.71841
0.232	11.753579	2.0412589	0.22000027	7.6436177	-138.64437	4113.3626	97.873999
0.233	11.820347	2.065461	0.22167897	7.5357141	-135.30819	4349.8352	99.043148
0.234	11.885429	2.0895318	0.22332146	7.429267	-131.76341	4543.0218	100.22538
0.235	11.948878	2.1134668	0.22492951	7.3244868	-128.03331	4699.3096	101.4203
0.236	12.010747	2.1372622	0.22650469	7.2215679	-124.14734	4816.9443	102.6276
0.237	12.071091	2.1609145	0.22804847	7.1206886	-120.13288	4898.5841	103.84701
0.238	12.129951	2.1844202	0.22956198	7.0220107	-116.01998	4946.875	105.07834
0.239	12.187365	2.2077764	0.23104627	6.9256795	-111.82525	4969.7146	106.3214
0.24	12.243383	2.2309803	0.23250241	6.8318241	-107.57363	4963.9569	107.57609
0.241	12.298053	2.2540293	0.23393142	6.7405574	-103.28867	4931.7399	108.8423
0.242	12.351406	2.2769212	0.23533402	6.6519763	-98.994234	4876.3496	110.11997
0.243	12.403477	2.2996538	0.2367109	6.5661623	-94.704043	4803.6871	111.40903
0.244	12.454302	2.3222252	0.23806278	6.4831817	-90.439159	4712.4354	112.70946
0.245	12.503917	2.3446338	0.23939031	6.4030863	-86.212003	4607.3586	114.02124
0.246	12.552356	2.366878	0.24069412	6.3259137	-82.039545	4487.9641	115.34437
0.247	12.599656	2.3889563	0.24197482	6.2516884	-77.934241	4357.2182	116.67884
0.248	12.645845	2.4108678	0.24323293	6.180422	-73.910535	4216.3263	118.02469
0.249	12.690952	2.4326112	0.24446891	6.1121143	-69.976152	4068.8847	119.38192
0.25	12.735007	2.4541857	0.24568325	6.0467535	-66.141622	3914.6179	120.75056
0.251	12.778036	2.4755905	0.2468764	5.9843178	-62.415968	3757.1954	122.13066
0.252	12.820069	2.4968251	0.24804883	5.9247754	-58.803337	3595.7655	123.52224
0.253	12.861135	2.5178887	0.24920099	5.8680859	-55.311389	3432.7084	124.92535
0.254	12.901256	2.5387812	0.25033325	5.8142005	-51.943997	3268.365	126.34003
0.255	12.940456	2.5595021	0.25144597	5.7630634	-48.705956	3105.8972	127.76632
0.256	12.978761	2.5800514	0.25253957	5.7146121	-45.59696	2944.0234	129.20428
0.257	13.016199	2.6004288	0.25361449	5.6687787	-42.620457	2784.2906	130.65396
0.258	13.05279	2.6206344	0.25467105	5.6254899	-39.777009	2627.0107	132.1154
0.259	13.088554	2.6406682	0.25570956	5.5846686	-37.067436	2474.0913	133.58866
0.26	13.123514	2.6605306	0.25673039	5.5462338	-34.489407	2324.7663	135.07379
0.261	13.157692	2.6802216	0.25773388	5.5101019	-32.042802	2180.3069	136.57084
0.262	13.191107	2.6997416	0.25872036	5.4761869	-29.724955	2040.3902	138.07987
0.263	13.223779	2.719091	0.25969013	5.4444013	-27.534279	1906.1342	139.60093
0.264	13.255727	2.7382703	0.26064351	5.4146564	-25.466963	1776.9788	141.13408
0.265	13.286971	2.75728	0.26158083	5.3868631	-23.520578	1653.665	142.67936
0.266	13.317528	2.7761206	0.26250238	5.3609322	-21.691016	1535.8065	144.23684
0.267	13.347418	2.7947927	0.26340846	5.3367749	-19.975013	1423.9066	145.80657
0.268	13.376654	2.8132971	0.26429933	5.3143031	-18.368095	1317.5906	147.38859
0.269	13.405252	2.8316345	0.26517523	5.29343	-16.866541	1217.4704	148.98298
0.27	13.433232	2.8498056	0.26603652	5.2740703	-15.465059	1122.784	150.58977
0.271	13.460614	2.8678112	0.26688354	5.2561404	-14.159804	1033.516	152.20902
0.272	13.487409	2.8856522	0.26771647	5.2395588	-12.946543	949.62441	153.8408
0.273	13.513627	2.9033295	0.26853551	5.2242464	-11.820883	871.37622	155.48514
0.274	13.539285	2.920844	0.26934096	5.2101262	-10.777635	798.11196	157.1421
0.275	13.564399	2.9381966	0.27013307	5.1971242	-9.8127889	729.88227	158.81174
0.276	13.588982	2.9553884	0.27091212	5.1851688	-8.9217347	666.30377	160.4941
0.277	13.61305	2.9724203	0.27167836	5.1741915	-8.1003894	607.30394	162.18925
0.278	13.636613	2.9892934	0.27243201	5.1641265	-7.3444623	552.57805	163.89723
0.279	13.659683	3.0060087	0.27317327	5.1549111	-6.6500164	502.08958	165.61809
0.28	13.682272	3.0225673	0.27390239	5.1464853	-6.0128387	455.43332	167.35188
0.281	13.704395	3.0389703	0.27461961	5.1387924	-5.4293085	412.49908	169.09866
0.282	13.726061	3.0552188	0.27532514	5.1317784	-4.895725	373.00127	170.85848
0.283	13.747282	3.0713139	0.2760192	5.1253923	-4.4085222	336.78242	172.63139
0.284	13.768069	3.0872569	0.276702	5.119586	-3.9644847	303.60202	174.41743
0.285	13.78843	3.1030488	0.27737371	5.1143142	-3.5602802	273.30329	176.21666
0.286	13.808379	3.1186909	0.27803459	5.1095343	-3.1929694	245.64011	178.02913
0.287	13.827928	3.1341842	0.27868485	5.1052063	-2.8596785	220.4388	179.85489
0.288	13.847083	3.1495301	0.27932467	5.101293	-2.557788	197.52165	181.69399
0.289	13.865853	3.1647297	0.27995421	5.0977594	-2.284669	176.74189	183.54648
0.29	13.884249	3.1797842	0.28057367	5.094573	-2.0380046	157.90779	185.4124
0.291	13.902279	3.1946949	0.28118325	5.0917038	-1.8155225	140.87948	187.29181
0.292	13.919952	3.209463	0.28178312	5.0891235	-1.6151899	125.49859	189.18476
0.293	13.937278	3.2240896	0.28237347	5.0868064	-1.435037	111.63834	191.09129
0.294	13.954264	3.2385761	0.28295447	5.0847283	-1.2733015	99.161593	193.01145
0.295	13.970918	3.2529236	0.28352629	5.0828671	-1.1282855	87.956343	194.94529
0.296	13.987249	3.2671334	0.28408911	5.0812025	-0.99847463	77.902661	196.89287
0.297	14.003264	3.2812068	0.28464309	5.0797157	-0.88242346	68.902147	198.85422
0.298	14.018971	3.2951449	0.28518838	5.0783894	-0.77884181	60.852824	200.8294
0.299	14.034377	3.308949	0.28572516	5.077208	-0.68650853	53.66939	202.81846
0.3	14.049488	3.3226204	0.28625357	5.076157	-0.60432829	47.265349	204.82143
0.301	14.064312	3.3361603	0.28677376	5.0752234	-0.53129456	41.569921	206.83838
0.302	14.078856	3.3495699	0.28728589	5.074395	-0.46647034	36.507631	208.86935
0.303	14.093126	3.3628504	0.2877901	5.073661	-0.40902368	32.017867	210.91438
0.304	14.107129	3.3760031	0.28828654	5.0730115	-0.35818234	28.040164	212.97353
0.305	14.120868	3.3890292	0.28877531	5.0724376	-0.31325621	24.524899	215.04684
0.306	14.134352	3.40193	0.28925659	5.0719311	-0.27360439	21.419542	217.13436
0.307	14.147586	3.4147065	0.2897305	5.0714847	-0.23866282	18.682512	219.23613
0.308	14.160577	3.4273601	0.2901972	5.0710919	-0.20791073	16.271956	221.35221
0.309	14.173333	3.439892	0.29065685	5.0707465	-0.18088703	14.152608	223.48263
0.31	14.185856	3.4523033	0.29110952	5.0704434	-0.1571729	12.292274	225.62746
0.311	14.19815	3.4645952	0.29155531	5.0701776	-0.13639367	10.663371	227.78673
0.312	14.210221	3.476769	0.29199438	5.0699449	-0.1182062	9.2372041	229.96049
0.313	14.222075	3.4888258	0.29242686	5.0697415	-0.10231207	7.9908251	232.14879
0.314	14.233718	3.5007669	0.29285285	5.0695638	-0.08844091	6.9031002	234.35168
0.315	14.245151	3.5125932	0.29327246	5.0694089	-0.076352948	5.9559143	236.56919
0.316	14.256381	3.5243061	0.2936858	5.0692739	-0.065831303	5.131525	238.80139
0.317	14.267414	3.5359067	0.29409302	5.0691566	-0.056686888	4.4153558	241.04832
0.318	14.278254	3.547396	0.29449421	5.0690546	-0.048749755	3.7939201	243.31001
0.319	14.288904	3.5587754	0.29488949	5.0689662	-0.041870547	3.2557026	245.58653
0.32	14.29937	3.5700458	0.29527894	5.0688896	-0.03591575	2.7900208	247.87791
0.321	14.309654	3.5812085	0.29566267	5.0688233	-0.030768689	2.3878731	250.1842
0.322	14.31976	3.5922644	0.29604078	5.068766	-0.026325287	2.0409028	252.50546
0.323	14.329694	3.6032148	0.29641337	5.0687166	-0.022494958	1.7420973	254.84172
0.324	14.339458	3.6140608	0.29678055	5.068674	-0.019197225	1.4850201	257.19303
0.325	14.349057	3.6248033	0.29714239	5.0686373	-0.016362148	1.2642424	259.55944
0.326	14.358493	3.6354436	0.29749901	5.0686058	-0.013927873	1.0748327	261.941
0.327	14.367771	3.6459826	0.29785049	5.0685787	-0.011840736	0.91260719	264.33774
0.328	14.376893	3.6564214	0.2981969	5.0685555	-0.010053533	0.77383655	266.74973
0.329	14.385861	3.6667611	0.29853829	5.0685356	-0.0085253466	0.65537968	269.177
0.33	14.39468	3.6770028	0.29887482	5.0685186	-0.0072200671	0.55429283	271.6196
0.331	14.403357	3.6871474	0.29920659	5.0685041	-0.0061068284	0.46815038	274.07758
0.332	14.411892	3.697196	0.29953367	5.0684917	-0.005158721	0.39487629	276.55098
0.333	14.420288	3.7071496	0.29985611	5.0684812	-0.0043523414	0.33265657	279.03985
0.334	14.428546	3.7170092	0.30017398	5.0684722	-0.0036673762	0.27987338	281.54423
0.335	14.436669	3.7267757	0.30048734	5.0684646	-0.003086234	0.23517228	284.06418
0.336	14.444662	3.7364503	0.30079631	5.0684582	-0.0025938553	0.19734407	286.59974
0.337	14.452531	3.7460339	0.30110102	5.0684527	-0.0021772768	0.16537308	289.15095
0.338	14.460275	3.7555274	0.30140149	5.068448	-0.0018253408	0.13840545	291.71787
0.339	14.467894	3.7649318	0.30169773	5.0684441	-0.0015283283	0.11569574	294.30053
0.34	14.475393	3.774248	0.30198986	5.0684408	-0.0012780151	0.096583251	296.89898
0.341	14.482776	3.7834771	0.302278	5.068438	-0.0010673475	0.080519548	299.51328
0.342	14.490045	3.7926199	0.30256217	5.0684357	-0.0008902968	0.067041545	302.14346
0.343	14.497199	3.8016773	0.30284241	5.0684337	-0.00074166966	0.05575011	304.78957
0.344	14.504243	3.8106503	0.3031188	5.068432	-0.0006170817	0.046300556	307.45166
0.345	14.511177	3.8195398	0.3033914	5.0684306	-0.00051276554	0.038404404	310.12978
0.346	14.518006	3.8283466	0.3036603	5.0684295	-0.00042553942	0.031812266	312.82397
0.347	14.524735	3.8370717	0.30392563	5.0684285	-0.00035270881	0.026315601	315.53427
0.348	14.531364	3.8457159	0.30418737	5.0684277	-0.00029198566	0.021741726	318.26074
0.349	14.537888	3.8542801	0.3044455	5.068427	-0.00024140668	0.017941831	321.00341
0.35	14.544314	3.8627651	0.30470017	5.0684264	-0.00019933494	0.014786381	323.76234
0.351	14.550648	3.8711719	0.30495147	5.068426	-0.0001643876	0.012169512	326.53758
0.352	14.55689	3.8795012	0.30519944	5.0684256	-0.00013539694	0.010002802	329.32916
0.353	14.563042	3.8877539	0.30544414	5.0684252	-0.00011137938	0.0082111497	332.13713
0.354	14.569103	3.8959308	0.30568558	5.068425	-0.000091510937	0.0067321869	334.96155
0.355	14.575069	3.9040328	0.3059237	5.0684248	-0.000075089809	0.0055132971	337.80245
0.356	14.580948	3.9120605	0.30615869	5.0684246	-0.000061535661	0.0045089455	340.65988
0.357	14.586749	3.9200149	0.30639068	5.0684244	-0.000050365303	0.0036823503	343.5339
0.358	14.592468	3.9278967	0.30661965	5.0684243	-0.000041172334	0.0030035939	346.42453
0.359	14.598102	3.9357066	0.30684557	5.0684242	-0.000033614461	0.0024470572	349.33184
0.36	14.603656	3.9434456	0.30706854	5.0684241	-0.000027409328	0.0019910442	352.25587
0.361	14.609133	3.9511142	0.30728865	5.068424	-0.00002232149	0.0016178924	355.19666
0.362	14.614535	3.9587134	0.30750591	5.068424	-0.0000181553	0.0013129917	358.15425
0.363	14.619861	3.9662437	0.30772038	5.0684239	-0.000014748285	0.0010642159	361.12871
0.364	14.625114	3.9737061	0.30793209	5.0684239	-0.000011965555	0.00086145914	364.12006
0.365	14.630294	3.9811011	0.30814108	5.0684239	-9.6957724e-6	0.00069647633	367.12837
0.366	14.635403	3.9884295	0.3083474	5.0684238	-7.8466716e-6	0.00056236547	370.15366
0.367	14.640441	3.9956921	0.30855105	5.0684238	-6.3423182e-6	0.00045353268	373.196
0.368	14.645411	4.0028895	0.30875212	5.0684238	-5.1198313e-6	0.00036527889	376.25542
0.369	14.650318	4.0100225	0.30895072	5.0684238	-4.1277642e-6	0.00029380091	379.33198
0.37	14.65516	4.0170916	0.30914683	5.0684238	-3.3238204e-6	0.0002360161	382.42571
0.371	14.659936	4.0240977	0.30934043	5.0684238	-2.6731523e-6	0.00018937109	385.53667
0.372	14.664648	4.0310414	0.3095316	5.0684238	-2.1471359e-6	0.00015174719	388.6649
0.373	14.669297	4.0379234	0.30972037	5.0684237	-1.7224769e-6	0.00012145079	391.81045
0.374	14.673886	4.0447442	0.30990678	5.0684237	-1.3800592e-6	0.000097075905	394.97336
0.375	14.678417	4.0515046	0.31009091	5.0684237	-1.1043259e-6	0.000077492183	398.15368
0.376	14.68289	4.0582052	0.31027277	5.0684237	-8.8258434e-7	0.000061780622	401.35146
0.377	14.687303	4.0648467	0.31045235	5.0684237	-7.0449339e-7	0.000049196814	404.56674
0.378	14.69166	4.0714297	0.31062972	5.0684237	-5.6162631e-7	0.000039124874	407.79957
0.379	14.695963	4.0779547	0.31080494	5.0684237	-4.4717173e-7	0.000031074985	411.04999
0.38	14.700211	4.0844225	0.31097801	5.0684237	-3.5559815e-7	0.000024649953	414.31805
0.381	14.704404	4.0908335	0.31114894	5.0684237	-2.8242693e-7	0.000019530517	417.6038
0.382	14.708546	4.0971886	0.31131781	5.0684237	-2.2402722e-7	0.000015453921	420.90728
0.383	14.712638	4.1034881	0.31148467	5.0684237	-1.7748023e-7	0.000012212227	424.22854
0.384	14.716681	4.1097327	0.31164952	5.0684237	-1.4043009e-7	9.6383435e-6	427.56763
0.385	14.720674	4.1159231	0.31181239	5.0684237	-1.1097679e-7	7.597795e-6	430.92459
0.386	14.724617	4.1220597	0.3119733	5.0684237	-8.7592085e-8	5.981703e-6	434.29946
0.387	14.728511	4.1281432	0.31213224	5.0684237	-6.9047502e-8	4.7035762e-6	437.6923
0.388	14.732358	4.134174	0.3122893	5.0684237	-5.4360672e-8	3.6937833e-6	441.10315
0.389	14.736162	4.1401528	0.31244454	5.0684237	-4.274406e-8	2.8969465e-6	444.53206
0.39	14.739921	4.1460801	0.31259794	5.0684237	-3.3568886e-8	2.2692384e-6	447.97907
0.391	14.743633	4.1519565	0.3127495	5.0684237	-2.6329949e-8	1.7753865e-6	451.44423
0.392	14.747301	4.1577824	0.31289927	5.0684237	-2.0626173e-8	1.3872329e-6	454.92758
0.393	14.750928	4.1635585	0.31304729	5.0684237	-1.6137789e-8	1.0825702e-6	458.42918
0.394	14.754512	4.1692852	0.31319359	5.0684237	-1.2610432e-8	8.4375441e-7	461.94906
0.395	14.758055	4.174963	0.31333818	5.0684237	-9.8417176e-9	6.567992e-7	465.48728
0.396	14.761557	4.1805925	0.3134811	5.0684237	-7.6713126e-9	5.1061964e-7	469.04388
0.397	14.765019	4.1861742	0.31362235	5.0684237	-5.9721145e-9	3.9648999e-7	472.6189
0.398	14.768443	4.1917085	0.31376198	5.0684237	-4.6434484e-9	3.0747412e-7	476.2124
0.399	14.771829	4.197196	0.31390003	5.0684237	-3.6058871e-9	2.3813904e-7	479.82442
0.4	14.775177	4.2026372	0.31403649	5.0684237	-2.7966937e-9	1.8420769e-7	483.455
0.401	14.778485	4.2080325	0.31417135	5.0684237	-2.1664158e-9	1.4232593e-7	487.10419
0.402	14.781756	4.2133824	0.31430466	5.0684237	-1.6760533e-9	1.0982242e-7	490.77205
0.403	14.784993	4.2186874	0.31443648	5.0684237	-1.2950601e-9	8.4633627e-8	494.4586
0.404	14.788194	4.223948	0.31456681	5.0684237	-9.9942788e-10	6.5139617e-8	498.16391
0.405	14.791361	4.2291646	0.31469567	5.0684237	-7.7032444e-10	5.0074623e-8	501.88801
0.406	14.794494	4.2343376	0.31482309	5.0684237	-5.9299657e-10	3.8444536e-8	505.63096
0.407	14.797593	4.2394676	0.31494907	5.0684237	-4.559221e-10	2.9479049e-8	509.3928
0.408	14.800659	4.2445549	0.31507364	5.0684237	-3.5009677e-10	2.2575738e-8	513.17357
0.409	14.80369	4.2496	0.31519679	5.0684237	-2.6850252e-10	1.7268951e-8	516.97332
0.41	14.80669	4.2546034	0.31531858	5.0684237	-2.0566084e-10	1.3192041e-8	520.79211
0.411	14.809662	4.2595655	0.31543908	5.0684237	-1.5733229e-10	1.0064403e-8	524.62996
0.412	14.812604	4.2644866	0.31555825	5.0684237	-1.2021217e-10	7.6687745e-9	528.48694
0.413	14.815512	4.2693673	0.31567606	5.0684237	-9.1737435e-11	5.8368694e-9	532.36309
0.414	14.81839	4.2742079	0.31579257	5.0684237	-6.991808e-11	4.4366922e-9	536.25845
0.415	14.82124	4.2790088	0.31590784	5.0684237	-5.3222098e-11	3.3680471e-9	540.17307
0.416	14.824061	4.2837705	0.31602185	5.0684237	-4.0462778e-11	2.5536041e-9	544.107
0.417	14.826853	4.2884933	0.31613459	5.0684237	-3.0724356e-11	1.9338219e-9	548.06028
0.418	14.829616	4.2931777	0.31624612	5.0684237	-2.3300387e-11	1.462585e-9	552.03295
0.419	14.832353	4.297824	0.31635645	5.0684237	-1.7648216e-11	1.1047806e-9	556.02508
0.42	14.835063	4.3024326	0.31646559	5.0684237	-1.3350511e-11	8.3345954e-10	560.03669
0.421	14.837745	4.3070039	0.31657356	5.0684237	-1.0086856e-11	6.280039e-10	564.06785
0.422	14.840402	4.3115383	0.31668038	5.0684237	-7.6115379e-12	4.7259866e-10	568.11859
0.423	14.843033	4.3160362	0.31678605	5.0684237	-5.736487e-12	3.5520502e-10	572.18896
0.424	14.845638	4.3204979	0.3168906	5.0684237	-4.317963e-12	2.6663637e-10	576.27901
0.425	14.848219	4.3249238	0.31699404	5.0684237	-3.2461794e-12	1.9990741e-10	580.38878
0.426	14.850774	4.3293143	0.31709638	5.0684237	-2.4373888e-12	1.496894e-10	584.51832
0.427	14.853305	4.3336696	0.31719764	5.0684237	-1.82782e-12	1.1194635e-10	588.66767
0.428	14.855813	4.3379902	0.31729785	5.0684237	-1.3689911e-12	8.3614473e-11	592.8369
0.429	14.858297	4.3422765	0.31739701	5.0684237	-1.0240643e-12	6.2374967e-11	597.02603
0.43	14.860759	4.3465287	0.31749514	5.0684237	-7.6509335e-13	4.6472279e-11	601.23511
0.431	14.863196	4.3507471	0.31759223	5.0684237	-5.7090544e-13	3.4582539e-11	605.4642
0.432	14.865611	4.3549323	0.3176883	5.0684237	-4.2547016e-13	2.5701857e-11	609.71333
0.433	14.868003	4.3590844	0.31778337	5.0684237	-3.166897e-13	1.9078411e-11	613.98256
0.434	14.870375	4.3632037	0.31787748	5.0684237	-2.3542538e-13	1.4143724e-11	618.27194
0.435	14.872726	4.3672908	0.31797065	5.0684237	-1.7479534e-13	1.0471961e-11	622.5815
0.436	14.875057	4.3713457	0.31806286	5.0684237	-1.296196e-13	7.7438064e-12	626.91129
0.437	14.877366	4.3753689	0.31815411	5.0684237	-9.6001085e-14	5.7197055e-12	631.26136
0.438	14.879654	4.3793607	0.31824443	5.0684237	-7.1012281e-14	4.2192161e-12	635.63177
0.439	14.881924	4.3833214	0.31833387	5.0684237	-5.2462366e-14	3.1083531e-12	640.02254
0.44	14.884173	4.3872513	0.31842238	5.0684237	-3.87104e-14	2.2871441e-12	644.43374
0.441	14.8864	4.3911507	0.31850997	5.0684237	-2.8528103e-14	1.6809474e-12	648.8654
0.442	14.888608	4.3950199	0.31859666	5.0684237	-2.0997564e-14	1.2338201e-12	653.31757
0.443	14.890796	4.3988592	0.31868249	5.0684237	-1.5435559e-14	9.0449316e-13	657.7903
0.444	14.892967	4.4026688	0.31876747	5.0684237	-1.1332693e-14	6.6222976e-13	662.28364
0.445	14.895121	4.4064492	0.31885162	5.0684237	-8.3100278e-15	4.8424771e-13	666.79763
0.446	14.897257	4.4102005	0.31893496	5.0684237	-6.0859992e-15	3.5365644e-13	671.33232
0.447	14.899377	4.4139231	0.31901749	5.0684237	-4.4516601e-15	2.5796028e-13	675.88775
0.448	14.901479	4.4176172	0.3190992	5.0684237	-3.2521897e-15	1.8792567e-13	680.46398
0.449	14.90356	4.4212831	0.31918006	5.0684237	-2.372987e-15	1.3674629e-13	685.06104
0.45	14.905624	4.4249211	0.31926011	5.0684237	-1.7292839e-15	9.9376547e-14	689.67899
0.451	14.907671	4.4285314	0.31933938	5.0684237	-1.2586217e-15	7.2129309e-14	694.31786
0.452	14.909701	4.4321144	0.31941789	5.0684237	-9.149145e-16	5.2286348e-14	698.97772
0.453	14.911718	4.4356703	0.31949566	5.0684237	-6.6423744e-16	3.7853815e-14	703.6586
0.454	14.913718	4.4391993	0.31957268	5.0684237	-4.8164889e-16	2.7371257e-14	708.36055
0.455	14.9157	4.4427017	0.31964893	5.0684237	-3.4882064e-16	1.9768191e-14	713.08361
0.456	14.917667	4.4461778	0.31972445	5.0684237	-2.5230611e-16	1.4258806e-14	717.82784
0.457	14.919619	4.4496279	0.31979924	5.0684237	-1.8226878e-16	1.0272047e-14	722.59328
0.458	14.921556	4.453052	0.31987332	5.0684237	-1.3150933e-16	7.3907087e-15	727.37997
0.459	14.923477	4.4564506	0.31994669	5.0684237	-9.4768055e-17	5.3111025e-15	732.18797
0.46	14.925383	4.4598239	0.32001936	5.0684237	-6.8206342e-17	3.8118352e-15	737.01731
0.461	14.927275	4.4631721	0.32009135	5.0684237	-4.9028416e-17	2.732439e-15	741.86805
0.462	14.929152	4.4664954	0.32016265	5.0684237	-3.5198817e-17	1.9562182e-15	746.74023
0.463	14.931017	4.4697941	0.32023331	5.0684237	-2.5238721e-17	1.3987389e-15	751.63391
0.464	14.932867	4.4730684	0.32030329	5.0684237	-1.8074865e-17	9.9891709e-16	756.54911
0.465	14.934701	4.4763186	0.32037259	5.0684237	-1.2928169e-17	7.1250901e-16	761.4859
0.466	14.936522	4.4795448	0.32044124	5.0684237	-9.2353996e-18	5.0757778e-16	766.44432
0.467	14.93833	4.4827473	0.32050928	5.0684237	-6.5891719e-18	3.6112231e-16	771.42441
0.468	14.940125	4.4859264	0.32057668	5.0684237	-4.6954592e-18	2.5661774e-16	776.42622
0.469	14.941905	4.4890822	0.32064342	5.0684237	-3.3417813e-18	1.821334e-16	781.4498
0.47	14.943672	4.492215	0.32070954	5.0684237	-2.3753817e-18	1.2910454e-16	786.49519
0.471	14.945428	4.495325	0.3207751	5.0684237	-1.6863334e-18	9.1395148e-17	791.56244
0.472	14.947172	4.4984123	0.32084005	5.0684237	-1.1957195e-18	6.4623836e-17	796.6516
0.473	14.948901	4.5014773	0.32090437	5.0684237	-8.4677181e-19	4.563897e-17	801.76272
0.474	14.950618	4.5045201	0.32096811	5.0684237	-5.9890455e-19	3.2190347e-17	806.89583
0.475	14.952328	4.5075409	0.32103135	5.0684237	-4.2305909e-19	2.2673686e-17	812.05099
0.476	14.954024	4.51054	0.321094	5.0684237	-2.9849415e-19	1.5952785e-17	817.22824
0.477	14.955703	4.5135175	0.32115598	5.0684237	-2.1033765e-19	1.1210903e-17	822.42764
0.478	14.957369	4.5164736	0.32121739	5.0684237	-1.4802963e-19	7.8683668e-18	827.64922
0.479	14.959028	4.5194085	0.32127832	5.0684237	-1.0404689e-19	5.5148559e-18	832.89303
0.48	14.960676	4.5223225	0.32133871	5.0684237	-7.3043956e-20	3.8607395e-18	838.15912
0.481	14.962313	4.5252157	0.32139856	5.0684237	-5.121489e-20	2.699447e-18	843.44754
0.482	14.963938	4.5280883	0.32145787	5.0684237	-3.5864708e-20	1.8851049e-18	848.75833
0.483	14.965554	4.5309406	0.32151669	5.0684237	-2.5083978e-20	1.3147077e-18	854.09154
0.484	14.967157	4.5337726	0.32157495	5.0684237	-1.7523611e-20	9.1591107e-19	859.44721
0.485	14.96874	4.5365846	0.32163253	5.0684237	-1.2225898e-20	6.373468e-19	864.8254
0.486	14.970313	4.5393767	0.32168963	5.0684237	-8.518698e-21	4.4290401e-19	870.22614
0.487	14.971892	4.5421492	0.32174648	5.0684237	-5.9277916e-21	3.0726652e-19	875.64949
0.488	14.973462	4.5449022	0.32180288	5.0684237	-4.120445e-21	2.1296947e-19	881.0955
0.489	14.975015	4.5476359	0.32185865	5.0684237	-2.8605109e-21	1.4744714e-19	886.5642
0.49	14.976555	4.5503506	0.32191391	5.0684237	-1.9833402e-21	1.0195362e-19	892.05564
0.491	14.978085	4.5530462	0.32196868	5.0684237	-1.3734251e-21	7.0406372e-20	897.56988
0.492	14.979605	4.5557231	0.32202297	5.0684237	-9.498857e-22	4.8559737e-20	903.10695
0.493	14.981117	4.5583814	0.32207683	5.0684237	-6.5613764e-22	3.344931e-20	908.66691
0.494	14.98262	4.5610212	0.32213022	5.0684237	-4.5267076e-22	2.3012452e-20	914.2498
0.495	14.984112	4.5636428	0.32218313	5.0684237	-3.1191291e-22	1.58132e-20	919.85567
0.496	14.985594	4.5662463	0.32223559	5.0684237	-2.1465392e-22	1.0852347e-20	925.48456
0.497	14.987068	4.5688318	0.32228762	5.0684237	-1.475376e-22	7.4384378e-21	931.13652
0.498	14.988533	4.5713995	0.32233921	5.0684237	-1.01281e-22	5.0921373e-21	936.8116
0.499	14.989989	4.5739496	0.32239035	5.0684237	-6.9440807e-23	3.4816523e-21	942.50984
0.5	14.991435	4.5764823	0.32244106	5.0684237	-4.7551194e-23	2.3775413e-21	948.2313
0.501	14.99287	4.5789976	0.32249131	5.0684237	-3.2521515e-23	1.6216422e-21	953.97601
0.502	14.994298	4.5814958	0.32254115	5.0684237	-2.2214184e-23	1.104641e-21	959.74402
0.503	14.99572	4.583977	0.32259062	5.0684237	-1.5154583e-23	7.514767e-22	965.53539
0.504	14.997134	4.5864414	0.32263969	5.0684237	-1.0325879e-23	5.1060585e-22	971.35015
0.505	14.998537	4.588889	0.32268832	5.0684237	-7.0271003e-24	3.4653479e-22	977.18835
0.506	14.999932	4.5913201	0.32273654	5.0684237	-4.7761654e-24	2.3488407e-22	983.05005
0.507	15.00132	4.5937348	0.32278437	5.0684237	-3.2422108e-24	1.5900533e-22	988.93528
0.508	15.002697	4.5961332	0.32283178	5.0684237	-2.1982059e-24	1.0750709e-22	994.84409
0.509	15.004063	4.5985155	0.32287873	5.0684237	-1.4885465e-24	7.2607344e-23	1000.7765
0.51	15.005421	4.6008819	0.32292532	5.0684237	-1.0066815e-24	4.8970609e-23	1006.7327
0.511	15.00678	4.6032324	0.32297165	5.0684237	-6.7993115e-25	3.2980646e-23	1012.7125
0.512	15.008132	4.6055672	0.32301764	5.0684237	-4.5869554e-25	2.2186686e-23	1018.7161
0.513	15.009474	4.6078864	0.32306319	5.0684237	-3.0907118e-25	1.4908948e-23	1024.7435
0.514	15.010805	4.6101903	0.32310835	5.0684237	-2.0799465e-25	1.0005971e-23	1030.7948
0.515	15.012126	4.6124788	0.32315308	5.0684237	-1.3979574e-25	6.7071153e-24	1036.87
0.516	15.01344	4.6147522	0.32319746	5.0684237	-9.3839597e-26	4.4900712e-24	1042.9692
0.517	15.014749	4.6170106	0.32324152	5.0684237	-6.2911395e-26	3.00204e-24	1049.0924
0.518	15.016056	4.6192541	0.32328532	5.0684237	-4.2123192e-26	2.0045514e-24	1055.2396
0.519	15.017371	4.6214828	0.32332903	5.0684237	-2.8167801e-26	1.3362849e-24	1061.4109
0.52	15.018675	4.623697	0.32337231	5.0684237	-1.8816161e-26	8.9002924e-25	1067.6063
0.521	15.019939	4.6258966	0.32341473	5.0684237	-1.2555603e-26	5.9259257e-25	1073.826
0.522	15.021193	4.6280819	0.32345675	5.0684237	-8.3644819e-27	3.9377386e-25	1080.0698
0.523	15.022458	4.6302528	0.32349873	5.0684237	-5.5658068e-27	2.6126345e-25	1086.338
0.524	15.02372	4.6324096	0.32354045	5.0684237	-3.699098e-27	1.7314323e-25	1092.6305
0.525	15.024972	4.6345524	0.32358178	5.0684237	-2.4555394e-27	1.1462965e-25	1098.9473
0.526	15.026217	4.6366813	0.32362279	5.0684237	-1.6279425e-27	7.5789591e-26	1105.2886
0.527	15.027457	4.6387965	0.32366349	5.0684237	-1.077923e-27	5.0046018e-26	1111.6543
0.528	15.028691	4.6408979	0.32370389	5.0684237	-7.1285111e-28	3.3005989e-26	1118.0446
0.529	15.029918	4.6429859	0.32374399	5.0684237	-4.708374e-28	2.1741e-26	1124.4594
0.53	15.031139	4.6450604	0.32378376	5.0684237	-3.1060469e-28	1.4303267e-26	1130.8989
0.531	15.032352	4.6471216	0.32382321	5.0684237	-2.0464502e-28	9.3984156e-27	1137.363
0.532	15.033559	4.6491696	0.32386236	5.0684237	-1.3466423e-28	6.1677905e-27	1143.8518
0.533	15.03476	4.6512045	0.3239012	5.0684237	-8.850371e-29	4.0426058e-27	1150.3653
0.534	15.035955	4.6532265	0.32393976	5.0684237	-5.8093816e-29	2.6463693e-27	1156.9036
0.535	15.037144	4.6552356	0.32397803	5.0684237	-3.8085327e-29	1.7302057e-27	1163.4668
0.536	15.038328	4.6572319	0.32401602	5.0684237	-2.4937149e-29	1.1298123e-27	1170.0549
0.537	15.039505	4.6592156	0.32405371	5.0684237	-1.6307883e-29	7.3685836e-28	1176.6679
0.538	15.040676	4.6611867	0.32409111	5.0684237	-1.0651468e-29	4.7998027e-28	1183.3059
0.539	15.041841	4.6631454	0.32412822	5.0684237	-6.9482865e-30	3.122648e-28	1189.9689
0.54	15.042999	4.6650918	0.32416505	5.0684237	-4.5269309e-30	2.0289829e-28	1196.657
0.541	15.044153	4.6670259	0.32420162	5.0684237	-2.9456952e-30	1.3166963e-28	1203.3702
0.542	15.045302	4.6689479	0.32423791	5.0684237	-1.9144059e-30	8.5340711e-29	1210.1085
0.543	15.046444	4.6708579	0.32427393	5.0684237	-1.2426307e-30	5.5245593e-29	1216.8721
0.544	15.04758	4.6727559	0.32430969	5.0684237	-8.0557843e-31	3.5718527e-29	1223.661
0.545	15.048711	4.6746422	0.32434517	5.0684237	-5.2159532e-31	2.3065027e-29	1230.4751
0.546	15.049837	4.6765167	0.32438039	5.0684237	-3.3730125e-31	1.4875487e-29	1237.3147
0.547	15.050957	4.6783795	0.32441536	5.0684237	-2.1785185e-31	9.581785e-30	1244.1796
0.548	15.052072	4.6802308	0.32445007	5.0684237	-1.4052859e-31	6.1642724e-30	1251.0699
0.549	15.053181	4.6820707	0.32448452	5.0684237	-9.0537565e-32	3.9608032e-30	1257.9858
0.55	15.054285	4.6838992	0.32451872	5.0684237	-5.8257442e-32	2.5417972e-30	1264.9272
0.551	15.055384	4.6857165	0.32455267	5.0684237	-3.7439857e-32	1.6291584e-30	1271.8942
0.552	15.056477	4.6875226	0.32458638	5.0684237	-2.4031178e-32	1.0428967e-30	1278.8868
0.553	15.057566	4.6893177	0.32461984	5.0684237	-1.5405483e-32	6.6677344e-31	1285.9051
0.554	15.05865	4.6911017	0.32465306	5.0684237	-9.8636662e-33	4.2577552e-31	1292.9491
0.555	15.059728	4.6928749	0.32468604	5.0684237	-6.3075259e-33	2.7154648e-31	1300.0189
0.556	15.060801	4.6946373	0.32471878	5.0684237	-4.0284572e-33	1.7296804e-31	1307.1146
0.557	15.061869	4.6963889	0.32475128	5.0684237	-2.5696737e-33	1.1004001e-31	1314.2361
0.558	15.062932	4.6981299	0.32478355	5.0684237	-1.6370991e-33	6.991823e-32	1321.3835
0.559	15.063991	4.6998604	0.3248156	5.0684237	-1.0416716e-33	4.4369837e-32	1328.5568
0.56	15.065046	4.7015805	0.32484743	5.0684237	-6.6198371e-34	2.8121979e-32	1335.7562
0.561	15.066096	4.7032901	0.32487904	5.0684237	-4.2016949e-34	1.780198e-32	1342.9817
0.562	15.067141	4.7049895	0.32491042	5.0684237	-2.6635622e-34	1.1255196e-32	1350.2332
0.563	15.06818	4.7066786	0.32494157	5.0684237	-1.6863984e-34	7.107204e-33	1357.5109
0.564	15.069215	4.7083577	0.3249725	5.0684237	-1.0664022e-34	4.4824157e-33	1364.8148
0.565	15.070244	4.7100267	0.32500319	5.0684237	-6.7349866e-35	2.8234868e-33	1372.1449
0.566	15.071268	4.7116857	0.32503366	5.0684237	-4.2482382e-35	1.7762852e-33	1379.5013
0.567	15.07229	4.7133349	0.32506395	5.0684237	-2.6763128e-35	1.1160514e-33	1386.884
0.568	15.073307	4.7149742	0.32509404	5.0684237	-1.6839513e-35	7.0036619e-34	1394.2931
0.569	15.07432	4.7166039	0.32512392	5.0684237	-1.0582354e-35	4.3896347e-34	1401.7287
0.57	15.075328	4.7182239	0.32515358	5.0684237	-6.6420135e-36	2.7479051e-34	1409.1907
0.571	15.076331	4.7198343	0.32518302	5.0684237	-4.1636379e-36	1.7180559e-34	1416.6793
0.572	15.077329	4.7214352	0.32521226	5.0684237	-2.6067791e-36	1.0728278e-34	1424.1944
0.573	15.078323	4.7230267	0.3252413	5.0684237	-1.6300154e-36	6.6907927e-35	1431.7361
0.574	15.079313	4.7246088	0.32527016	5.0684237	-1.0179731e-36	4.1675413e-35	1439.3045
0.575	15.080303	4.7261817	0.32529886	5.0684237	-6.3494539e-37	2.5924664e-35	1446.8996
0.576	15.081287	4.7277454	0.32532737	5.0684237	-3.9557075e-37	1.6108703e-35	1454.5215
0.577	15.082262	4.7293	0.32535559	5.0684237	-2.4612689e-37	9.9973026e-36	1462.1701
0.578	15.083233	4.7308455	0.32538362	5.0684237	-1.5294532e-37	6.1962871e-36	1469.8456
0.579	15.084203	4.732382	0.32541151	5.0684237	-9.492446e-38	3.8355111e-36	1477.548
0.58	15.085169	4.7339096	0.32543922	5.0684237	-5.8842194e-38	2.3713369e-36	1485.2773
0.581	15.08613	4.7354284	0.32546673	5.0684237	-3.6429673e-38	1.4642997e-36	1493.0337
0.582	15.087087	4.7369383	0.32549405	5.0684237	-2.2525753e-38	9.0307243e-37	1500.817
0.583	15.08804	4.7384396	0.3255212	5.0684237	-1.3911082e-38	5.5624793e-37	1508.6275
0.584	15.08899	4.7399323	0.32554818	5.0684237	-8.58033e-39	3.4219823e-37	1516.465
0.585	15.089937	4.7414163	0.32557498	5.0684237	-5.2857501e-39	2.1025546e-37	1524.3298
0.586	15.090879	4.7428919	0.3256016	5.0684237	-3.2521539e-39	1.290273e-37	1532.2218
0.587	15.091817	4.744359	0.32562804	5.0684237	-1.9984539e-39	7.9081857e-38	1540.141
0.588	15.092751	4.7458178	0.3256543	5.0684237	-1.2265264e-39	4.8409676e-38	1548.0875
0.589	15.09368	4.7472682	0.32568037	5.0684237	-7.5183083e-40	2.9597548e-38	1556.0615
0.59	15.094606	4.7487104	0.32570628	5.0684237	-4.6027671e-40	1.8073023e-38	1564.0628
0.591	15.095529	4.7501444	0.32573202	5.0684237	-2.8143323e-40	1.1021963e-38	1572.0915
0.592	15.096448	4.7515703	0.32575761	5.0684237	-1.718672e-40	6.7135085e-39	1580.1478
0.593	15.097364	4.7529882	0.32578303	5.0684237	-1.0482655e-40	4.0841876e-39	1588.2316
0.594	15.098276	4.754398	0.32580829	5.0684237	-6.3856965e-41	2.4815288e-39	1596.3431
0.595	15.099185	4.7557999	0.32583338	5.0684237	-3.8851261e-41	1.5058918e-39	1604.4821
0.596	15.100089	4.7571939	0.32585832	5.0684237	-2.36082e-41	9.1270401e-40	1612.6489
0.597	15.10099	4.7585802	0.32588307	5.0684237	-1.4327897e-41	5.5250967e-40	1620.8434
0.598	15.101886	4.7599586	0.32590766	5.0684237	-8.6847322e-42	3.3404041e-40	1629.0656
0.599	15.10278	4.7613294	0.32593211	5.0684237	-5.2576005e-42	2.017021e-40	1637.3157
0.6	15.103671	4.7626925	0.32595641	5.0684237	-3.1789217e-42	1.2164241e-40	1645.5937
