496
0.01	0.61666667	0.20555556	0.33333333	4.0819385	0.051318253	8.3218789e6	0
0.011	0.61666667	0.20555556	0.33333333	4.0819385	0.075135054	8.3218789e6	0
0.012	0.61666667	0.20555556	0.33333333	4.0819385	0.10641353	8.3218789e6	0
0.013	0.61666667	0.20555556	0.33333333	4.0819385	0.14657006	8.3218789e6	0
0.014	0.61666667	0.20555556	0.33333333	4.0819385	0.1971442	8.3218789e6	0
0.015	0.61666667	0.20555556	0.33333333	4.0819385	0.25979866	8.3218789e6	0
0.016	0.61666667	0.20555556	0.33333333	4.0819385	0.3363193	8.321879e6	0
0.017	0.61666667	0.20555556	0.33333333	4.0819385	0.42861518	8.3218791e6	0
0.018	0.61666667	0.20555556	0.33333333	4.0819385	0.5387185	8.3218792e6	0
0.019	0.61666667	0.20555556	0.33333333	4.0819385	0.66878462	8.3218794e6	0
0.02	0.61666667	0.20555556	0.33333333	4.0819385	0.82109207	8.3218796e6	0
0.021	0.61666667	0.20555556	0.33333333	4.0819385	0.99804256	8.32188e6	0
0.022	0.61666667	0.20555556	0.33333333	4.0819386	1.2021609	8.3218805e6	0
0.023	0.61666667	0.20555556	0.33333333	4.0819386	1.4360953	8.3218811e6	0
0.024	0.61666667	0.20555556	0.33333333	4.0819386	1.7026167	8.3218821e6	0
0.025	0.61666667	0.20555556	0.33333333	4.0819387	2.0046196	8.3218833e6	0
0.026	0.61666667	0.20555556	0.33333333	4.0819388	2.3451216	8.3218849e6	0
0.027	0.61666667	0.20555556	0.33333333	4.0819389	2.7272633	8.3218871e6	0
0.028	0.61666667	0.20555556	0.33333333	4.0819391	3.1543086	8.3218898e6	0
0.029	0.61666667	0.20555556	0.33333333	4.0819393	3.6296446	8.3218934e6	0
0.03	0.61666667	0.20555556	0.33333333	4.0819395	4.1567817	8.3218979e6	0
0.031	0.61666667	0.20555556	0.33333333	4.0819398	4.7393531	8.3219036e6	0
0.032	0.61666667	0.20555556	0.33333333	4.0819402	5.3811157	8.3219108e6	0
0.033	0.61666667	0.20555556	0.33333333	4.0819407	6.0859493	8.3219197e6	0
0.034	0.61666667	0.20555556	0.33333333	4.0819413	6.8578571	8.3219307e6	0
0.035	0.61666667	0.20555556	0.33333333	4.081942	7.7009655	8.3219442e6	0
0.036	0.61666667	0.20555556	0.33333333	4.0819429	8.6195242	8.3219608e6	0
0.037	0.61666667	0.20555556	0.33333333	4.081944	9.6179061	8.3219808e6	0
0.038	0.61666667	0.20555556	0.33333333	4.0819453	10.700608	8.3220051e6	0
0.039	0.61666667	0.20555556	0.33333333	4.0819469	11.872249	8.3220342e6	0
0.04	0.61666667	0.20555556	0.33333333	4.0819488	13.137573	8.3220691e6	0
0.041	0.61666667	0.20555556	0.33333333	4.0819511	14.501446	8.3221107e6	0
0.042	0.61666667	0.20555556	0.33333333	4.0819538	15.96886	8.32216e6	0
0.043	0.61666667	0.20555556	0.33333333	4.081957	17.544928	8.3222182e6	0
0.044	0.61666667	0.20555556	0.33333333	4.0819607	19.234888	8.3222867e6	0
0.045	0.61666667	0.20555556	0.33333333	4.0819651	21.044103	8.3223671e6	0
0.046	0.61666667	0.20555556	0.33333333	4.0819702	22.978058	8.3224609e6	0
0.047	0.61666667	0.20555556	0.33333333	4.0819761	25.042364	8.3225702e6	0
0.048	0.61666667	0.20555556	0.33333333	4.0819831	27.242756	8.322697e6	0
0.049	0.61666667	0.20555556	0.33333333	4.0819911	29.585095	8.3228438e6	0
0.05	0.61666667	0.20555556	0.33333333	4.0820003	32.075365	8.323013e6	0
0.051	0.61666667	0.20555556	0.33333333	4.0820109	34.719678	8.3232077e6	0
0.052	0.61666667	0.20555556	0.33333333	4.0820231	37.524269	8.3234311e6	0
0.053	0.61666667	0.20555556	0.33333333	4.082037	40.495502	8.3236866e6	0
0.054	0.61666667	0.20555556	0.33333333	4.0820529	43.639867	8.3239782e6	0
0.055	0.61666667	0.20555556	0.33333333	4.082071	46.963982	8.3243102e6	0
0.056	0.61666667	0.20555556	0.33333333	4.0820915	50.474592	8.3246873e6	0
0.057	0.61666667	0.20555556	0.33333333	4.0821148	54.178573	8.3251146e6	0
0.058	0.61666667	0.20555556	0.33333333	4.0821411	58.08293	8.3255977e6	0
0.059	0.61666667	0.20555556	0.33333333	4.0821708	62.194799	8.3261428e6	0
0.06	0.61666667	0.20555556	0.33333333	4.0822043	66.521449	8.3267566e6	0
0.061	0.61666667	0.20555556	0.33333333	4.0822418	71.070281	8.3274464e6	0
0.062	0.61666667	0.20555556	0.33333333	4.082284	75.848833	8.3282201e6	0
0.063	0.61666667	0.20555556	0.33333333	4.0823312	80.864779	8.3290864e6	0
0.064	0.61666667	0.20555556	0.33333333	4.0823839	86.125932	8.3300546e6	0
0.065	0.61666667	0.20555556	0.33333333	4.0824428	91.640245	8.3311348e6	0
0.066	0.61666667	0.20555556	0.33333333	4.0825083	97.415815	8.3323379e6	0
0.067	0.61666667	0.20555556	0.33333333	4.0825811	103.46089	8.3336759e6	0
0.068	0.61666667	0.20555556	0.33333333	4.082662	109.78385	8.3351614e6	0
0.069	0.61666667	0.20555556	0.33333333	4.0827517	116.39324	8.3368083e6	0
0.07	0.61666667	0.20555556	0.33333333	4.0828509	123.29777	8.3386313e6	0
0.071	0.61666667	0.20555556	0.33333333	4.0829606	130.5063	8.3406465e6	0
0.072	0.61666667	0.20555556	0.33333333	4.0830817	138.02784	8.342871e6	0
0.073	0.61666667	0.20555556	0.33333333	4.0832151	145.87159	8.3453232e6	0
0.074	0.61666667	0.20555556	0.33333333	4.083362	154.04693	8.348023e6	0
0.075	0.61666667	0.20555556	0.33333333	4.0835235	162.56338	8.3509916e6	0
0.076	0.61666667	0.20555556	0.33333333	4.0837008	171.4307	8.3542516e6	0
0.077	0.61666667	0.20555556	0.33333333	4.0838952	180.65882	8.3578275e6	0
0.078	0.61666667	0.20555556	0.33333333	4.0841081	190.25786	8.3617454e6	0
0.079	0.61666667	0.20555556	0.33333333	4.0843411	200.23818	8.366033e6	0
0.08	0.61666667	0.20555556	0.33333333	4.0845957	210.61034	8.3707202e6	0
0.081	0.61666667	0.20555556	0.33333333	4.0848737	221.38514	8.3758387e6	0
0.082	0.61666667	0.20555556	0.33333333	4.0851768	232.57363	8.3814226e6	0
0.083	0.61666667	0.20555556	0.33333333	4.085507	244.18711	8.3875079e6	0
0.084	0.61666667	0.20555556	0.33333333	4.0858663	256.23715	8.3941333e6	0
0.085	0.61666667	0.20555556	0.33333333	4.086257	268.73561	8.40134e6	0
0.086	0.61666667	0.20555556	0.33333333	4.0866813	281.69466	8.4091718e6	0
0.087	0.61666667	0.20555556	0.33333333	4.0871417	295.12677	8.4176753e6	0
0.088	0.61666667	0.20555556	0.33333333	4.0876409	309.04478	8.4269003e6	0
0.089	0.61666667	0.20555556	0.33333333	4.0881817	323.46187	8.4368996e6	0
0.09	0.61666667	0.20555556	0.33333333	4.0887669	338.39162	8.4477295e6	0
0.091	0.61666667	0.20555556	0.33333333	4.0893997	353.84802	8.4594498e6	0
0.092	0.61666667	0.20555556	0.33333333	4.0900835	369.8455	8.4721242e6	0
0.093	0.61666667	0.20555556	0.33333333	4.0908217	386.39897	8.4858203e6	0
0.094	0.61666667	0.20555556	0.33333333	4.0916181	403.52383	8.5006101e6	0
0.095	0.61666667	0.20555556	0.33333333	4.0924765	421.23603	8.5165701e6	0
0.096	0.61666667	0.20555556	0.33333333	4.0934012	439.55212	8.5337817e6	0
0.097	0.61666667	0.20555556	0.33333333	4.0943965	458.48924	8.5523312e6	0
0.098	0.61666667	0.20555556	0.33333333	4.0954672	478.06522	8.5723107e6	0
0.099	0.61666667	0.20555556	0.33333333	4.096618	498.29862	8.5938179e6	0
0.1	0.61666667	0.20555556	0.33333333	4.0978542	519.20876	8.6169568e6	0
0.101	0.61666667	0.20555556	0.33333333	4.0991813	540.8158	8.641838e6	0
0.102	0.61666667	0.20555556	0.33333333	4.100605	563.14083	8.6685792e6	0
0.103	0.61666667	0.20555556	0.33333333	4.1021316	586.20587	8.6973057e6	0
0.104	0.61666667	0.20555556	0.33333333	4.1037674	610.03403	8.728151e6	0
0.105	0.61666667	0.20555556	0.33333333	4.1055192	634.64953	8.7612572e6	0
0.106	0.61666667	0.20555556	0.33333333	4.1073943	660.07783	8.7967757e6	0
0.107	0.61666667	0.20555556	0.33333333	4.1094002	686.34572	8.834868e6	0
0.108	0.61666667	0.20555556	0.33333333	4.111545	713.48142	8.8757064e6	0
0.109	0.61666667	0.20555556	0.33333333	4.1138371	741.5147	8.919475e6	0
0.11	0.61666667	0.20555556	0.33333333	4.1162854	770.47703	8.9663702e6	0
0.111	0.61666667	0.20555556	0.33333333	4.1188995	800.40169	9.0166022e6	0
0.112	0.61666667	0.20555556	0.33333333	4.1216891	831.32396	9.0703957e6	0
0.113	0.61666667	0.20555556	0.33333333	4.124665	863.28125	9.1279915e6	0
0.114	0.61666667	0.20555556	0.33333333	4.127838	896.31333	9.1896477e6	0
0.115	0.61666667	0.20555556	0.33333333	4.1312201	930.46248	9.2556409e6	0
0.116	0.61666667	0.20555556	0.33333333	4.1348235	965.77375	9.3262685e6	0
0.117	0.61666667	0.20555556	0.33333333	4.1386614	1002.2952	9.4018502e6	0
0.118	0.61666667	0.20555556	0.33333333	4.1427477	1040.0782	9.4827297e6	0
0.119	0.61666667	0.20555556	0.33333333	4.147097	1079.1776	9.5692778e6	0
0.12	0.61666667	0.20555556	0.33333333	4.1517247	1119.6522	9.6618944e6	0
0.121	0.61666667	0.20555556	0.33333333	4.1566474	1161.5651	9.7610114e6	0
0.122	0.61666667	0.20555556	0.33333333	4.1618824	1204.9839	9.8670961e6	0
0.123	0.61666667	0.20555556	0.33333333	4.1674482	1249.9815	9.9806548e6	0
0.124	0.61666667	0.20555556	0.33333333	4.1733643	1296.6362	1.0102237e7	0
0.125	0.61666667	0.20555556	0.33333333	4.1796515	1345.0325	1.0232438e7	0
0.126	0.61666667	0.20555556	0.33333333	4.1863318	1395.2616	1.0371909e7	0
0.127	0.61666667	0.20555556	0.33333333	4.1934287	1447.422	1.0521356e7	0
0.128	0.61666667	0.20555556	0.33333333	4.2009671	1501.6206	1.0681554e7	0
0.129	0.61666667	0.20555556	0.33333333	4.2089735	1557.973	1.0853347e7	0
0.13	0.61666667	0.20555556	0.33333333	4.2174763	1616.6048	1.1037662e7	0
0.131	0.61666667	0.20555556	0.33333333	4.2265056	1677.6525	1.1235516e7	0
0.132	0.61666667	0.20555556	0.33333333	4.2360935	1741.2649	1.1448029e7	0
0.133	0.61666667	0.20555556	0.33333333	4.2462747	1807.6041	1.1676434e7	0
0.134	0.61666667	0.20555556	0.33333333	4.2570859	1876.8473	1.1922095e7	0
0.135	0.61666667	0.20555556	0.33333333	4.2685667	1949.1883	1.2186521e7	0
0.136	0.61666667	0.20555556	0.33333333	4.2807595	2024.8396	1.2471388e7	0
0.137	0.61666667	0.20555556	0.33333333	4.2937099	2104.0346	1.277856e7	0
0.138	0.61666667	0.20555556	0.33333333	4.3074669	2187.0298	1.3110113e7	0
0.139	0.61666667	0.20555556	0.33333333	4.3220834	2274.1082	1.3468373e7	0
0.14	0.61666667	0.20555556	0.33333333	4.3376164	2365.5824	1.3855945e7	0
0.141	0.61666667	0.20555556	0.33333333	4.3541278	2461.7984	1.4275756e7	0
0.142	0.61666667	0.20555556	0.33333333	4.3716844	2563.1398	1.473111e7	0
0.143	0.61666667	0.20555556	0.33333333	4.3903588	2670.0334	1.5225741e7	0
0.144	0.61666667	0.20555556	0.33333333	4.41023	2782.9551	1.5763886e7	0
0.145	0.61666667	0.20555556	0.33333333	4.4313841	2902.4363	1.6350369e7	0
0.146	0.61666667	0.20555556	0.33333333	4.4539151	3029.0729	1.6990697e7	0
0.147	0.61666667	0.20555556	0.33333333	4.477926	3163.5345	1.769119e7	0
0.148	0.61666667	0.20555556	0.33333333	4.5035298	3306.5759	1.8459115e7	0
0.149	0.61666667	0.20555556	0.33333333	4.530851	3459.0507	1.9302875e7	0
0.15	0.61666667	0.20555556	0.33333333	4.5600269	3621.9275	2.0232218e7	0
0.151	0.61666667	0.20555556	0.33333333	4.5912094	3796.3094	2.1258512e7	0
0.152	0.61666667	0.20555556	0.33333333	4.6245674	3983.4574	2.2395069e7	0
0.153	0.61666667	0.20555556	0.33333333	4.6602887	4184.819	2.3657565e7	0
0.154	0.61666667	0.20555556	0.33333333	4.6985835	4402.0627	2.5064554e7	0
0.155	0.61666667	0.20555556	0.33333333	4.7396876	4637.1211	2.6638125e7	0
0.156	0.61666667	0.20555556	0.33333333	4.7838665	4892.2434	2.8404735e7	0
0.157	0.61666667	0.20555556	0.33333333	4.8314208	5170.0616	3.0396283e7	0
0.158	0.61666667	0.20555556	0.33333333	4.882692	5473.6727	3.2651502e7	0
0.159	0.61666667	0.20555556	0.33333333	4.9380698	5806.7439	3.5217774e7	0
0.16	0.61666667	0.20555556	0.33333333	4.998002	7841.4353	2.4635798e7	0
0.161	0.61667348	0.20555557	0.33289222	5.0615684	8041.8305	2.5421428e7	0
0.162	0.61671976	0.20555572	0.33162196	5.1276206	8252.7182	2.6249775e7	0
0.163	0.61684127	0.20555637	0.32960638	5.1963249	8474.943	2.7124107e7	0
0.164	0.61707003	0.20555804	0.32693259	5.2678633	8709.4424	2.8048012e7	0
0.165	0.61743467	0.20556145	0.32368819	5.3424359	8957.2602	2.9025428e7	0
0.166	0.61796072	0.20556744	0.31995898	5.4202631	9219.5614	3.0060688e7	0
0.167	0.61867087	0.20557695	0.31582701	5.5015884	9497.6508	3.1158562e7	0
0.168	0.6195853	0.20559103	0.31136919	5.5866815	9792.9946	3.2324308e7	0
0.169	0.62072186	0.20561081	0.30665622	5.6758422	10107.245	3.3563724e7	0
0.17	0.62209637	0.20563746	0.30175198	5.7694044	10442.273	3.4883208e7	0
0.171	0.6237228	0.20567221	0.29671322	5.8677419	10800.202	3.6289823e7	0
0.172	0.6256135	0.20571632	0.29158948	5.9712745	11183.456	3.779136e7	0
0.173	0.62777942	0.20577107	0.28642329	6.0804751	11594.811	3.9396407e7	0
0.174	0.63023029	0.20583775	0.28125043	6.1958791	12037.463	4.1114408e7	0
0.175	0.63297483	0.20591768	0.27610031	6.3180955	12515.109	4.2955716e7	0
0.176	0.63602094	0.20601215	0.27099645	6.4478199	13032.049	4.4931614e7	0
0.177	0.63937592	0.20612248	0.26595694	6.5858514	13593.316	4.7054294e7	0
0.178	0.64304665	0.20624997	0.26099482	6.7331129	14204.834	4.9336755e7	0
0.179	0.64703981	0.20639591	0.25611854	6.8906772	14873.624	5.1792557e7	0
0.18	0.65136212	0.20656159	0.2513323	7.0597991	15608.072	5.4435349e7	0
0.181	0.65602062	0.20674831	0.24663629	7.2419576	16418.269	5.7278005e7	0
0.182	0.66102291	0.20695733	0.24202692	7.4389091	17316.471	6.0331103e7	0
0.183	0.66637756	0.20718996	0.23749684	7.6527586	18317.696	6.3600315e7	0
0.184	0.67209443	0.20744747	0.23303489	7.8860525	19440.549	6.7081905e7	0
0.185	0.67818525	0.20773118	0.22862589	8.1419048	20708.336	7.0754973e7	0
0.186	0.68466417	0.20804242	0.22425015	8.4241688	22150.633	7.4567916e7	0
0.187	0.69154862	0.20838258	0.2198828	8.7376771	23805.493	7.8414394e7	0
0.188	0.6988603	0.20875308	0.21549261	9.0885821	25722.647	8.208967e7	0
0.189	0.70662661	0.20915546	0.21104038	9.4848513	27968.209	8.5208903e7	0
0.19	0.71488263	0.20959133	0.20647647	9.9370047	30631.754	8.7048598e7	0
0.191	0.72367388	0.21006249	0.20173722	10.459246	33837.164	8.622493e7	0
0.192	0.73306038	0.21057095	0.19673955	11.07125	37759.527	8.00048e7	0
0.193	0.74312281	0.21111902	0.1913729	11.80108	42651.568	6.2729506e7	0
0.194	0.75397215	0.21170941	0.18548733	12.69012	48883.703	2.1904383e7	0
0.195	0.76576526	0.21234544	0.17887654	13.801624	56995.513	-7.2511532e7	0
0.196	0.77873068	0.21303128	0.17125917	15.235458	67706.738	-3.0116639e8	0
0.197	0.79321078	0.2137724	0.16228712	17.149859	81529.221	-9.1191693e8	0
0.198	0.80971539	0.21457623	0.15175591	19.759413	95780.264	-2.7683515e9	0
0.199	0.8288606	0.2154529	0.14092794	23.021706	88246.985	-8.466786e9	0
0.2	0.8504193	0.21641396	0.13684096	25.	0	-1.5339808e10	0
0.201	0.87139033	0.21746294	0.14723456	23.021706	-88246.985	-8.466786e9	0
0.202	0.88900379	0.21858669	0.16387848	19.759413	-95780.264	-2.7683515e9	0
0.203	0.90338573	0.21976647	0.17927724	17.149859	-81529.221	-9.1191693e8	0
0.204	0.91538771	0.22098725	0.19208162	15.235458	-67706.738	-3.0116639e8	0
0.205	0.92566711	0.22223819	0.20257969	13.801624	-56995.513	-7.2511532e7	0
0.206	0.93466572	0.22351136	0.21123547	12.69012	-48883.703	2.1904383e7	0
0.207	0.94268372	0.22480086	0.2184385	11.80108	-42651.568	6.2729506e7	0
0.208	0.9499321	0.22610212	0.22448713	11.07125	-37759.527	8.00048e7	0
0.209	0.95656428	0.22741159	0.22960771	10.459246	-33837.164	8.622493e7	0
0.21	0.96269502	0.22872644	0.23397371	9.9370047	-30631.754	8.7048598e7	0
0.211	0.96841223	0.23004439	0.23772017	9.4848513	-27968.209	8.5208903e7	0
0.212	0.97378456	0.2313636	0.2409538	9.0885821	-25722.647	8.208967e7	0
0.213	0.97886647	0.23268256	0.24376017	8.7376771	-23805.493	7.8414394e7	0
0.214	0.98370171	0.23400003	0.24620874	8.4241688	-22150.633	7.4567916e7	0
0.215	0.98832576	0.23531498	0.24835651	8.1419048	-20708.336	7.0754973e7	0
0.216	0.99276766	0.23662657	0.25025073	7.8860525	-19440.549	6.7081905e7	0
0.217	0.9970513	0.2379341	0.25193084	7.6527586	-18317.696	6.3600315e7	0
0.218	1.0011965	0.23923698	0.25343003	7.4389091	-17316.471	6.0331103e7	0
0.219	1.0052195	0.24053473	0.25477638	7.2419576	-16418.269	5.7278005e7	0
0.22	1.0091341	0.24182695	0.25599381	7.0597991	-15608.072	5.4435349e7	0
0.221	1.0129516	0.2431133	0.25710274	6.8906772	-14873.624	5.1792557e7	0
0.222	1.0166813	0.24439349	0.25812074	6.7331129	-14204.834	4.9336755e7	0
0.223	1.0203312	0.24566729	0.2590629	6.5858514	-13593.316	4.7054294e7	0
0.224	1.0239076	0.2469345	0.25994232	6.4478199	-13032.049	4.4931614e7	0
0.225	1.0274159	0.24819495	0.26077031	6.3180955	-12515.109	4.2955716e7	0
0.226	1.0308604	0.24944851	0.26155674	6.1958791	-12037.463	4.1114408e7	0
0.227	1.0342445	0.25069505	0.26231019	6.0804751	-11594.811	3.9396407e7	0
0.228	1.0375711	0.25193446	0.26303815	5.9712745	-11183.456	3.779136e7	0
0.229	1.0408422	0.25316666	0.26374718	5.8677419	-10800.202	3.6289823e7	0
0.23	1.0440595	0.25439157	0.26444304	5.7694044	-10442.273	3.4883208e7	0
0.231	1.0472242	0.25560912	0.26513076	5.6758422	-10107.245	3.3563724e7	0
0.232	1.0503371	0.25681923	0.2658148	5.5866815	-9792.9946	3.2324308e7	0
0.233	1.0533984	0.25802185	0.26649905	5.5015884	-9497.6508	3.1158562e7	0
0.234	1.0564085	0.25921692	0.26718698	5.4202631	-9219.5614	3.0060688e7	0
0.235	1.0593672	0.26040438	0.26788163	5.3424359	-8957.2602	2.9025428e7	0
0.236	1.0622742	0.26158417	0.26858569	5.2678633	-8709.4424	2.8048012e7	0
0.237	1.0651289	0.26275624	0.26930156	5.1963249	-8474.943	2.7124107e7	0
0.238	1.0679307	0.26392052	0.27003137	5.1276206	-8252.7182	2.6249775e7	0
0.239	1.0706789	0.26507697	0.270777	5.0615684	-8041.8305	2.5421428e7	0
0.24	1.0733725	0.26622551	0.27154014	4.998002	-7841.4353	2.4635798e7	0
0.241	1.076011	0.26736608	0.27230616	4.9367695	-7650.7697	2.38899e7	0
0.242	1.0785953	0.26849862	0.27305958	4.8777316	-7469.1429	2.3181007e7	0
0.243	1.0811267	0.26962308	0.27380064	4.8207605	-7295.928	2.2506622e7	0
0.244	1.0836066	0.27073941	0.2745296	4.7657383	-7130.5545	2.1864458e7	0
0.245	1.0860362	0.27184756	0.27524671	4.7125565	-6972.5024	2.1252414e7	0
0.246	1.0884167	0.27294751	0.27595221	4.6611149	-6821.2966	2.0668562e7	0
0.247	1.0907494	0.27403921	0.27664633	4.6113206	-6676.5023	2.0111125e7	0
0.248	1.0930352	0.27512266	0.2773293	4.5630876	-6537.7206	1.9578466e7	0
0.249	1.0952755	0.27619782	0.27800134	4.5163361	-6404.5849	1.9069078e7	0
0.25	1.0974712	0.27726468	0.27866267	4.4709918	-6276.7579	1.8581564e7	0
0.251	1.0996234	0.27832323	0.27931351	4.4269855	-6153.9287	1.8114634e7	0
0.252	1.1017332	0.27937347	0.27995405	4.3842528	-6035.81	1.7667096e7	0
0.253	1.1038015	0.28041539	0.28058451	4.3427333	-5922.1361	1.723784e7	0
0.254	1.1058294	0.28144901	0.28120508	4.3023709	-5812.6612	1.6825838e7	0
0.255	1.1078177	0.28247431	0.28181595	4.2631127	-5707.1568	1.6430137e7	0
0.256	1.1097674	0.28349132	0.28241731	4.2249093	-5605.411	1.6049846e7	0
0.257	1.1116794	0.28450005	0.28300935	4.1877144	-5507.2267	1.5684137e7	0
0.258	1.1135546	0.28550051	0.28359225	4.1514844	-5412.4202	1.5332241e7	0
0.259	1.1153938	0.28649271	0.28416618	4.1161783	-5320.8203	1.4993435e7	0
0.26	1.1171978	0.2874767	0.28473131	4.0817575	-5232.267	1.4667048e7	0
0.261	1.1189674	0.28845247	0.28528782	4.0481856	-5146.6111	1.435245e7	0
0.262	1.1207035	0.28942008	0.28583586	4.0154283	-5063.7126	1.4049053e7	0
0.263	1.1224068	0.29037953	0.2863756	3.9834532	-4983.4407	1.3756305e7	0
0.264	1.124078	0.29133087	0.28690719	3.9522297	-4905.6725	1.3473688e7	0
0.265	1.1257178	0.29227413	0.28743079	3.9217288	-4830.2927	1.3200718e7	0
0.266	1.127327	0.29320934	0.28794655	3.891923	-4757.1931	1.2936938e7	0
0.267	1.1289062	0.29413654	0.2884546	3.8627864	-4686.2718	1.268192e7	0
0.268	1.1304561	0.29505577	0.2889551	3.8342944	-4617.4328	1.243526e7	0
0.269	1.1319773	0.29596707	0.28944819	3.8064234	-4550.586	1.2196578e7	0
0.27	1.1334706	0.29687048	0.289934	3.7791512	-4485.646	1.1965518e7	0
0.271	1.1349364	0.29776604	0.29041266	3.7524568	-4422.5325	1.174174e7	0
0.272	1.1363755	0.2986538	0.29088432	3.72632	-4361.1695	1.1524927e7	0
0.273	1.1377883	0.29953381	0.29134908	3.7007217	-4301.4852	1.1314778e7	0
0.274	1.1391755	0.3004061	0.29180709	3.6756436	-4243.4117	1.1111008e7	0
0.275	1.1405376	0.30127074	0.29225846	3.6510684	-4186.8847	1.0913348e7	0
0.276	1.1418752	0.30212776	0.29270331	3.6269794	-4131.8433	1.0721545e7	0
0.277	1.1431888	0.30297722	0.29314176	3.603361	-4078.2296	1.0535356e7	0
0.278	1.1444788	0.30381916	0.29357392	3.5801978	-4025.9889	1.0354554e7	0
0.279	1.1457459	0.30465365	0.29399991	3.5574756	-3975.069	1.0178922e7	0
0.28	1.1469905	0.30548072	0.29441984	3.5351804	-3925.4206	1.0008255e7	0
0.281	1.148213	0.30630044	0.29483381	3.5132992	-3876.9967	9.8423562e6	0
0.282	1.149414	0.30711285	0.29524193	3.4918192	-3829.7525	9.6810418e6	0
0.283	1.1505938	0.30791801	0.2956443	3.4707283	-3783.6454	9.5241352e6	0
0.284	1.1517531	0.30871598	0.29604102	3.4500149	-3738.6348	9.3714688e6	0
0.285	1.152892	0.3095068	0.29643219	3.4296679	-3694.6822	9.2228831e6	0
0.286	1.1540112	0.31029053	0.29681792	3.4096767	-3651.7507	9.0782264e6	0
0.287	1.155111	0.31106723	0.29719828	3.3900309	-3609.8051	8.937354e6	0
0.288	1.1561917	0.31183696	0.29757338	3.3707208	-3568.8119	8.8001282e6	0
0.289	1.1572539	0.31259976	0.29794331	3.3517368	-3528.7389	8.6664174e6	0
0.29	1.1582979	0.31335569	0.29830815	3.33307	-3489.5556	8.5360963e6	0
0.291	1.159324	0.31410482	0.298668	3.3147116	-3451.2327	8.4090453e6	0
0.292	1.1603326	0.31484718	0.29902293	3.2966531	-3413.7421	8.2851499e6	0
0.293	1.1613241	0.31558286	0.29937304	3.2788866	-3377.057	8.1643011e6	0
0.294	1.1622988	0.31631188	0.29971839	3.2614042	-3341.1518	8.0463945e6	0
0.295	1.1632571	0.31703432	0.30005908	3.2441984	-3306.0019	7.9313302e6	0
0.296	1.1641993	0.31775024	0.30039518	3.227262	-3271.5836	7.8190127e6	0
0.297	1.1651257	0.31845967	0.30072677	3.2105881	-3237.8744	7.7093507e6	0
0.298	1.1660367	0.31916269	0.30105393	3.19417	-3204.8525	7.6022566e6	0
0.299	1.1669325	0.31985935	0.30137672	3.1780011	-3172.4973	7.4976466e6	0
0.3	1.1678134	0.32054969	0.30169522	3.1620753	-3140.7886	7.3954404e6	0
0.301	1.1686798	0.32123379	0.3020095	3.1463865	-3109.7074	7.2955609e6	0
0.302	1.1695318	0.3219117	0.30231964	3.1309289	-3079.2351	7.1979342e6	0
0.303	1.17037	0.32258346	0.30262569	3.1156968	-3049.3541	7.1024896e6	0
0.304	1.1711943	0.32324914	0.30292773	3.1006849	-3020.0474	7.0091589e6	0
0.305	1.1720053	0.32390879	0.30322582	3.0858879	-2991.2984	6.9178769e6	0
0.306	1.172803	0.32456246	0.30352003	3.0713007	-2963.0915	6.8285809e6	0
0.307	1.1735879	0.32521021	0.30381042	3.0569183	-2935.4115	6.7412104e6	0
0.308	1.17436	0.3258521	0.30409705	3.0427362	-2908.2438	6.6557076e6	0
0.309	1.1751197	0.32648818	0.30437998	3.0287495	-2881.5742	6.5720169e6	0
0.31	1.1758672	0.3271185	0.30465927	3.014954	-2855.3892	6.4900845e6	0
0.311	1.1766028	0.32774311	0.30493498	3.0013452	-2829.6757	6.4098589e6	0
0.312	1.1773266	0.32836207	0.30520717	2.9879191	-2804.4211	6.3312906e6	0
0.313	1.1780389	0.32897544	0.30547588	2.9746715	-2779.6132	6.2543316e6	0
0.314	1.17874	0.32958326	0.30574119	2.9615986	-2755.2403	6.1789361e6	0
0.315	1.1794299	0.33018558	0.30600314	2.9486964	-2731.291	6.1050596e6	0
0.316	1.180109	0.33078247	0.30626178	2.9359615	-2707.7544	6.0326594e6	0
0.317	1.1807774	0.33137396	0.30651717	2.9233901	-2684.6199	5.9616943e6	0
0.318	1.1814354	0.33196012	0.30676936	2.9109788	-2661.8773	5.8921246e6	0
0.319	1.1820831	0.33254099	0.3070184	2.8987242	-2639.5167	5.8239121e6	0
0.32	1.1827207	0.33311663	0.30726433	2.8866231	-2617.5285	5.7570196e6	0
0.321	1.1833485	0.33368708	0.30750721	2.8746722	-2595.9037	5.6914115e6	0
0.322	1.1839665	0.33425239	0.30774708	2.8628686	-2574.6331	5.6270535e6	0
0.323	1.184575	0.33481262	0.30798399	2.8512091	-2553.7083	5.5639121e6	0
0.324	1.1851742	0.33536781	0.30821798	2.839691	-2533.1207	5.5019553e6	0
0.325	1.1857642	0.33591801	0.3084491	2.8283113	-2512.8624	5.4411521e6	0
0.326	1.1863452	0.33646327	0.30867739	2.8170673	-2492.9255	5.3814724e6	0
0.327	1.1869174	0.33700364	0.3089029	2.8059563	-2473.3024	5.3228872e6	0
0.328	1.1874808	0.33753917	0.30912567	2.7949758	-2453.9858	5.2653685e6	0
0.329	1.1880358	0.3380699	0.30934574	2.7841232	-2434.9686	5.2088891e6	0
0.33	1.1885823	0.33859588	0.30956315	2.773396	-2416.2437	5.1534229e6	0
0.331	1.1891207	0.33911715	0.30977794	2.7627918	-2397.8046	5.0989443e6	0
0.332	1.189651	0.33963377	0.30999015	2.7523083	-2379.6448	5.0454289e6	0
0.333	1.1901733	0.34014578	0.31019982	2.7419433	-2361.7579	4.9928528e6	0
0.334	1.1906879	0.34065322	0.31040698	2.7316945	-2344.1379	4.941193e6	0
0.335	1.1911948	0.34115615	0.31061168	2.7215597	-2326.7788	4.8904272e6	0
0.336	1.1916942	0.34165459	0.31081395	2.7115369	-2309.6749	4.8405337e6	0
0.337	1.1921863	0.3421486	0.31101382	2.701624	-2292.8206	4.7914916e6	0
0.338	1.1926711	0.34263823	0.31121134	2.6918191	-2276.2104	4.7432806e6	0
0.339	1.1931487	0.34312351	0.31140653	2.6821201	-2259.8392	4.6958809e6	0
0.34	1.1936194	0.34360448	0.31159944	2.6725252	-2243.7017	4.6492736e6	0
0.341	1.1940832	0.3440812	0.31179008	2.6630325	-2227.793	4.6034401e6	0
0.342	1.1945403	0.3445537	0.31197851	2.6536402	-2212.1083	4.5583623e6	0
0.343	1.1949907	0.34502203	0.31216474	2.6443467	-2196.6429	4.514023e6	0
0.344	1.1954346	0.34548622	0.31234881	2.6351501	-2181.3923	4.4704052e6	0
0.345	1.1958721	0.34594632	0.31253076	2.6260487	-2166.3518	4.4274924e6	0
0.346	1.1963033	0.34640237	0.31271061	2.617041	-2151.5174	4.3852688e6	0
0.347	1.1967283	0.34685441	0.31288839	2.6081254	-2136.8847	4.3437188e6	0
0.348	1.1971473	0.34730247	0.31306413	2.5993003	-2122.4497	4.3028274e6	0
0.349	1.1975602	0.3477466	0.31323787	2.5905641	-2108.2083	4.2625801e6	0
0.35	1.1979673	0.34818684	0.31340962	2.5819155	-2094.1568	4.2229625e6	0
0.351	1.1983686	0.34862323	0.31357943	2.5733528	-2080.2914	4.1839611e6	0
0.352	1.1987642	0.34905579	0.31374731	2.5648748	-2066.6083	4.1455623e6	0
0.353	1.1991543	0.34948458	0.31391329	2.5564801	-2053.104	4.1077531e6	0
0.354	1.1995389	0.34990963	0.3140774	2.5481672	-2039.775	4.0705209e6	0
0.355	1.1999181	0.35033098	0.31423967	2.5399349	-2026.618	4.0338533e6	0
0.356	1.2002919	0.35074866	0.31440012	2.5317818	-2013.6296	3.9977384e6	0
0.357	1.2006606	0.35116271	0.31455878	2.5237068	-2000.8066	3.9621646e6	0
0.358	1.2010241	0.35157317	0.31471567	2.5157085	-1988.1459	3.9271204e6	0
0.359	1.2013826	0.35198007	0.31487081	2.5077858	-1975.6444	3.8925948e6	0
0.36	1.2017361	0.35238344	0.31502424	2.4999375	-1963.2991	3.8585772e6	0
0.361	1.2020848	0.35278333	0.31517597	2.4921624	-1951.1071	3.825057e6	0
0.362	1.2024287	0.35317977	0.31532603	2.4844594	-1939.0656	3.7920241e6	0
0.363	1.2027678	0.35357279	0.31547444	2.4768274	-1927.1718	3.7594685e6	0
0.364	1.2031023	0.35396242	0.31562123	2.4692652	-1915.423	3.7273807e6	0
0.365	1.2034322	0.35434871	0.31576641	2.461772	-1903.8165	3.6957512e6	0
0.366	1.2037577	0.35473167	0.31591001	2.4543465	-1892.3499	3.6645708e6	0
0.367	1.2040787	0.35511136	0.31605204	2.4469878	-1881.0205	3.6338306e6	0
0.368	1.2043954	0.35548779	0.31619254	2.4396949	-1869.826	3.603522e6	0
0.369	1.2047078	0.355861	0.31633152	2.4324668	-1858.764	3.5736365e6	0
0.37	1.205016	0.35623102	0.316469	2.4253025	-1847.832	3.5441657e6	0
0.371	1.2053201	0.35659789	0.316605	2.4182012	-1837.0279	3.5151016e6	0
0.372	1.2056201	0.35696163	0.31673955	2.411162	-1826.3493	3.4864365e6	0
0.373	1.2059161	0.35732228	0.31687265	2.4041838	-1815.7942	3.4581625e6	0
0.374	1.2062082	0.35767987	0.31700433	2.3972658	-1805.3604	3.4302723e6	0
0.375	1.2064964	0.35803442	0.31713462	2.3904073	-1795.0458	3.4027586e6	0
0.376	1.2067807	0.35838598	0.31726352	2.3836072	-1784.8483	3.3756142e6	0
0.377	1.2070613	0.35873455	0.31739106	2.3768649	-1774.7661	3.3488321e6	0
0.378	1.2073382	0.35908019	0.31751725	2.3701794	-1764.7971	3.3224058e6	0
0.379	1.2076115	0.35942291	0.31764211	2.3635501	-1754.9395	3.2963284e6	0
0.38	1.2078812	0.35976275	0.31776567	2.356976	-1745.1914	3.2705936e6	0
0.381	1.2081474	0.36009973	0.31788792	2.3504566	-1735.5509	3.2451951e6	0
0.382	1.2084101	0.36043388	0.31800891	2.3439909	-1726.0164	3.2201267e6	0
0.383	1.2086693	0.36076522	0.31812863	2.3375782	-1716.5861	3.1953825e6	0
0.384	1.2089253	0.3610938	0.3182471	2.331218	-1707.2582	3.1709564e6	0
0.385	1.2091779	0.36141963	0.31836435	2.3249093	-1698.0312	3.1468429e6	0
0.386	1.2094272	0.36174274	0.31848039	2.3186516	-1688.9033	3.1230363e6	0
0.387	1.2096733	0.36206316	0.31859523	2.3124441	-1679.8731	3.0995312e6	0
0.388	1.2099163	0.36238091	0.3187089	2.3062863	-1670.9389	3.0763221e6	0
0.389	1.2101562	0.36269602	0.31882139	2.3001773	-1662.0992	3.053404e6	0
0.39	1.210393	0.36300851	0.31893274	2.2941167	-1653.3526	3.0307716e6	0
0.391	1.2106268	0.36331842	0.31904294	2.2881037	-1644.6975	3.0084201e6	0
0.392	1.2108576	0.36362577	0.31915203	2.2821377	-1636.1326	2.9863444e6	0
0.393	1.2110855	0.36393058	0.31926001	2.2762182	-1627.6564	2.9645399e6	0
0.394	1.2113105	0.36423287	0.31936689	2.2703444	-1619.2675	2.9430019e6	0
0.395	1.2115326	0.36453267	0.3194727	2.264516	-1610.9647	2.9217258e6	0
0.396	1.211752	0.36483001	0.31957744	2.2587321	-1602.7466	2.9007071e6	0
0.397	1.2119686	0.36512491	0.31968113	2.2529924	-1594.6119	2.8799416e6	0
0.398	1.2121826	0.3654174	0.31978378	2.2472962	-1586.5594	2.8594249e6	0
0.399	1.2123938	0.36570749	0.3198854	2.241643	-1578.5877	2.8391528e6	0
0.4	1.2126024	0.36599521	0.319986	2.2360322	-1570.6958	2.8191214e6	0
0.401	1.2128084	0.36628058	0.32008561	2.2304634	-1562.8824	2.7993265e6	0
0.402	1.2130119	0.36656363	0.32018423	2.2249359	-1555.1463	2.7797643e6	0
0.403	1.2132129	0.36684437	0.32028187	2.2194493	-1547.4865	2.7604309e6	0
0.404	1.2134113	0.36712284	0.32037855	2.2140032	-1539.9017	2.7413226e6	0
0.405	1.2136074	0.36739905	0.32047427	2.2085969	-1532.3909	2.7224357e6	0
0.406	1.213801	0.36767302	0.32056906	2.20323	-1524.953	2.7037666e6	0
0.407	1.2139922	0.36794478	0.32066291	2.1979021	-1517.5869	2.6853119e6	0
0.408	1.2141812	0.36821435	0.32075585	2.1926126	-1510.2917	2.667068e6	0
0.409	1.2143678	0.36848174	0.32084788	2.1873611	-1503.0663	2.6490316e6	0
0.41	1.2145521	0.36874698	0.32093901	2.1821472	-1495.9097	2.6311993e6	0
0.411	1.2147343	0.3690101	0.32102926	2.1769704	-1488.8209	2.6135681e6	0
0.412	1.2149142	0.3692711	0.32111864	2.1718303	-1481.7989	2.5961346e6	0
0.413	1.2150919	0.36953001	0.32120715	2.1667264	-1474.8429	2.5788957e6	0
0.414	1.2152675	0.36978685	0.32129481	2.1616583	-1467.9519	2.5618485e6	0
0.415	1.215441	0.37004164	0.32138162	2.1566256	-1461.125	2.5449899e6	0
0.416	1.2156125	0.37029441	0.32146761	2.1516279	-1454.3612	2.5283171e6	0
0.417	1.2157818	0.37054516	0.32155277	2.1466648	-1447.6598	2.5118271e6	0
0.418	1.2159492	0.37079391	0.32163711	2.1417358	-1441.0199	2.4955171e6	0
0.419	1.2161145	0.3710407	0.32172066	2.1368407	-1434.4406	2.4793844e6	0
0.42	1.2162779	0.37128553	0.32180341	2.131979	-1427.9211	2.4634264e6	0
0.421	1.2164394	0.37152843	0.32188537	2.1271503	-1421.4606	2.4476402e6	0
0.422	1.216599	0.37176941	0.32196657	2.1223542	-1415.0583	2.4320234e6	0
0.423	1.2167567	0.37200848	0.32204699	2.1175905	-1408.7134	2.4165735e6	0
0.424	1.2169125	0.37224568	0.32212666	2.1128587	-1402.4252	2.4012878e6	0
0.425	1.2170665	0.37248102	0.32220558	2.1081585	-1396.1928	2.386164e6	0
0.426	1.2172187	0.3727145	0.32228376	2.1034895	-1390.0156	2.3711996e6	0
0.427	1.2173691	0.37294616	0.32236121	2.0988513	-1383.8928	2.3563924e6	0
0.428	1.2175178	0.37317601	0.32243794	2.0942438	-1377.8237	2.3417399e6	0
0.429	1.2176648	0.37340407	0.32251395	2.0896664	-1371.8076	2.32724e6	0
0.43	1.21781	0.37363034	0.32258926	2.0851189	-1365.8438	2.3128904e6	0
0.431	1.2179536	0.37385486	0.32266387	2.080601	-1359.9316	2.2986889e6	0
0.432	1.2180955	0.37407763	0.32273779	2.0761123	-1354.0704	2.2846334e6	0
0.433	1.2182358	0.37429867	0.32281103	2.0716526	-1348.2595	2.2707217e6	0
0.434	1.2183744	0.374518	0.3228836	2.0672214	-1342.4982	2.2569519e6	0
0.435	1.2185115	0.37473564	0.3229555	2.0628186	-1336.786	2.2433219e6	0
0.436	1.218647	0.37495159	0.32302675	2.0584438	-1331.1221	2.2298296e6	0
0.437	1.218781	0.37516588	0.32309734	2.0540967	-1325.5061	2.2164733e6	0
0.438	1.2189134	0.37537852	0.32316729	2.049777	-1319.9373	2.2032508e6	0
0.439	1.2190444	0.37558953	0.3232366	2.0454845	-1314.415	2.1901604e6	0
0.44	1.2191738	0.37579892	0.32330529	2.0412188	-1308.9388	2.1772002e6	0
0.441	1.2193018	0.3760067	0.32337335	2.0369797	-1303.508	2.1643684e6	0
0.442	1.2194284	0.3762129	0.3234408	2.0327669	-1298.122	2.1516632e6	0
0.443	1.2195535	0.37641752	0.32350764	2.0285801	-1292.7804	2.1390829e6	0
0.444	1.2196772	0.37662058	0.32357388	2.0244191	-1287.4826	2.1266257e6	0
0.445	1.2197996	0.3768221	0.32363953	2.0202835	-1282.228	2.11429e6	0
0.446	1.2199205	0.37702209	0.32370459	2.0161733	-1277.0162	2.102074e6	0
0.447	1.2200402	0.37722055	0.32376906	2.012088	-1271.8465	2.0899763e6	0
0.448	1.2201585	0.37741752	0.32383297	2.0080274	-1266.7185	2.077995e6	0
0.449	1.2202754	0.377613	0.3238963	2.0039914	-1261.6317	2.0661288e6	0
0.45	1.2203911	0.377807	0.32395908	1.9999795	-1256.5856	2.054376e6	0
0.451	1.2205055	0.37799953	0.3240213	1.9959917	-1251.5797	2.0427351e6	0
0.452	1.2206187	0.37819062	0.32408296	1.9920276	-1246.6135	2.0312047e6	0
0.453	1.2207306	0.37838028	0.32414409	1.9880871	-1241.6866	2.0197832e6	0
0.454	1.2208412	0.37856851	0.32420468	1.9841698	-1236.7984	2.0084693e6	0
0.455	1.2209507	0.37875533	0.32426474	1.9802756	-1231.9486	1.9972614e6	0
0.456	1.221059	0.37894075	0.32432427	1.9764042	-1227.1367	1.9861583e6	0
0.457	1.221166	0.37912479	0.32438328	1.9725555	-1222.3622	1.9751584e6	0
0.458	1.221272	0.37930746	0.32444177	1.9687291	-1217.6247	1.9642606e6	0
0.459	1.2213767	0.37948877	0.32449976	1.964925	-1212.9238	1.9534634e6	0
0.46	1.2214804	0.37966873	0.32455725	1.9611428	-1208.2591	1.9427656e6	0
0.461	1.2215829	0.37984735	0.32461423	1.9573823	-1203.6301	1.9321659e6	0
0.462	1.2216843	0.38002466	0.32467073	1.9536434	-1199.0364	1.921663e6	0
0.463	1.2217846	0.38020064	0.32472674	1.9499259	-1194.4777	1.9112557e6	0
0.464	1.2218838	0.38037534	0.32478226	1.9462295	-1189.9535	1.9009427e6	0
0.465	1.221982	0.38054874	0.32483731	1.942554	-1185.4634	1.8907229e6	0
0.466	1.2220791	0.38072087	0.32489189	1.9388993	-1181.0071	1.8805951e6	0
0.467	1.2221752	0.38089173	0.324946	1.9352651	-1176.5842	1.8705581e6	0
0.468	1.2222703	0.38106135	0.32499965	1.9316513	-1172.1943	1.8606108e6	0
0.469	1.2223643	0.38122972	0.32505285	1.9280577	-1167.837	1.8507521e6	0
0.47	1.2224574	0.38139685	0.32510559	1.924484	-1163.512	1.8409808e6	0
0.471	1.2225495	0.38156277	0.32515788	1.9209301	-1159.2189	1.8312958e6	0
0.472	1.2226406	0.38172748	0.32520974	1.9173959	-1154.9573	1.8216962e6	0
0.473	1.2227307	0.38189099	0.32526115	1.9138811	-1150.727	1.8121808e6	0
0.474	1.2228199	0.38205331	0.32531213	1.9103855	-1146.5276	1.8027487e6	0
0.475	1.2229081	0.38221445	0.32536269	1.906909	-1142.3587	1.7933987e6	0
0.476	1.2229955	0.38237443	0.32541282	1.9034515	-1138.22	1.7841299e6	0
0.477	1.2230819	0.38253324	0.32546253	1.9000127	-1134.1111	1.7749413e6	0
0.478	1.2231674	0.38269092	0.32551182	1.8965924	-1130.0319	1.7658319e6	0
0.479	1.223252	0.38284745	0.32556071	1.8931905	-1125.9818	1.7568008e6	0
0.48	1.2233358	0.38300286	0.32560918	1.8898069	-1121.9607	1.747847e6	0
0.481	1.2234187	0.38315715	0.32565726	1.8864414	-1117.9683	1.7389696e6	0
0.482	1.2235007	0.38331034	0.32570494	1.8830938	-1114.0041	1.7301677e6	0
0.483	1.2235819	0.38346242	0.32575222	1.8797639	-1110.0679	1.7214404e6	0
0.484	1.2236622	0.38361342	0.32579911	1.8764517	-1106.1595	1.7127868e6	0
0.485	1.2237417	0.38376334	0.32584562	1.8731569	-1102.2785	1.704206e6	0
0.486	1.2238204	0.38391219	0.32589175	1.8698793	-1098.4246	1.6956972e6	0
0.487	1.2238983	0.38405999	0.32593749	1.866619	-1094.5976	1.6872595e6	0
0.488	1.2239754	0.38420673	0.32598287	1.8633756	-1090.7971	1.6788921e6	0
0.489	1.2240517	0.38435243	0.32602787	1.8601491	-1087.023	1.6705942e6	0
0.49	1.2241273	0.3844971	0.3260725	1.8569393	-1083.2748	1.6623649e6	0
0.491	1.224202	0.38464074	0.32611678	1.853746	-1079.5525	1.6542035e6	0
0.492	1.224276	0.38478337	0.32616069	1.8505691	-1075.8556	1.6461092e6	0
0.493	1.2243493	0.384925	0.32620425	1.8474086	-1072.184	1.6380812e6	0
0.494	1.2244218	0.38506562	0.32624746	1.8442641	-1068.5373	1.6301187e6	0
0.495	1.2244936	0.38520526	0.32629031	1.8411357	-1064.9153	1.622221e6	0
0.496	1.2245647	0.38534392	0.32633283	1.8380231	-1061.3179	1.6143874e6	0
0.497	1.2246351	0.38548161	0.326375	1.8349263	-1057.7446	1.6066171e6	0
0.498	1.2247047	0.38561833	0.32641683	1.8318451	-1054.1953	1.5989095e6	0
0.499	1.2247737	0.3857541	0.32645833	1.8287793	-1050.6698	1.5912637e6	0
0.5	1.2248419	0.38588892	0.3264995	1.8257289	-1047.1678	1.5836791e6	0
0.501	1.2249095	0.3860228	0.32654034	1.8226937	-1043.689	1.5761551e6	0
0.502	1.2249765	0.38615575	0.32658085	1.8196735	-1040.2333	1.5686909e6	0
0.503	1.2250427	0.38628778	0.32662105	1.8166684	-1036.8003	1.5612859e6	0
0.504	1.2251083	0.3864189	0.32666092	1.8136781	-1033.39	1.5539394e6	0
0.505	1.2251733	0.3865491	0.32670048	1.8107025	-1030.002	1.5466508e6	0
0.506	1.2252376	0.38667841	0.32673973	1.8077415	-1026.6362	1.5394194e6	0
0.507	1.2253013	0.38680682	0.32677867	1.8047949	-1023.2923	1.5322446e6	0
0.508	1.2253643	0.38693435	0.3268173	1.8018628	-1019.9701	1.5251258e6	0
0.509	1.2254268	0.387061	0.32685563	1.7989448	-1016.6694	1.5180623e6	0
0.51	1.2254886	0.38718678	0.32689366	1.7960411	-1013.39	1.5110537e6	0
0.511	1.2255498	0.3873117	0.32693139	1.7931513	-1010.1317	1.5040992e6	0
0.512	1.2256105	0.38743577	0.32696883	1.7902754	-1006.8942	1.4971982e6	0
0.513	1.2256705	0.38755898	0.32700598	1.7874133	-1003.6775	1.4903503e6	0
0.514	1.22573	0.38768136	0.32704283	1.7845649	-1000.4812	1.4835548e6	0
0.515	1.2257888	0.3878029	0.32707941	1.7817301	-997.30527	1.4768112e6	0
0.516	1.2258472	0.38792361	0.3271157	1.7789088	-994.1494	1.470119e6	0
0.517	1.2259049	0.38804351	0.32715171	1.7761008	-991.01345	1.4634774e6	0
0.518	1.2259621	0.38816259	0.32718744	1.773306	-987.89721	1.4568861e6	0
0.519	1.2260188	0.38828086	0.3272229	1.7705244	-984.80051	1.4503446e6	0
0.52	1.2260749	0.38839834	0.32725808	1.7677559	-981.72316	1.4438521e6	0
0.521	1.2261304	0.38851502	0.327293	1.7650003	-978.66499	1.4374084e6	0
0.522	1.2261855	0.38863091	0.32732764	1.7622576	-975.6258	1.4310128e6	0
0.523	1.22624	0.38874603	0.32736203	1.7595276	-972.60544	1.4246648e6	0
0.524	1.226294	0.38886037	0.32739615	1.7568102	-969.60372	1.4183639e6	0
0.525	1.2263474	0.38897394	0.32743001	1.7541054	-966.62047	1.4121098e6	0
0.526	1.2264004	0.38908675	0.32746362	1.7514131	-963.65552	1.4059017e6	0
0.527	1.2264529	0.38919881	0.32749697	1.7487331	-960.7087	1.3997394e6	0
0.528	1.2265049	0.38931012	0.32753007	1.7460654	-957.77985	1.3936223e6	0
0.529	1.2265564	0.38942069	0.32756291	1.7434098	-954.8688	1.3875499e6	0
0.53	1.2266074	0.38953052	0.32759551	1.7407663	-951.97539	1.3815219e6	0
0.531	1.2266579	0.38963961	0.32762787	1.7381348	-949.09947	1.3755376e6	0
0.532	1.2267079	0.38974799	0.32765998	1.7355153	-946.24087	1.3695968e6	0
0.533	1.2267575	0.38985565	0.32769186	1.7329075	-943.39944	1.3636989e6	0
0.534	1.2268066	0.38996259	0.32772349	1.7303114	-940.57502	1.3578436e6	0
0.535	1.2268553	0.39006883	0.32775489	1.727727	-937.76746	1.3520303e6	0
0.536	1.2269035	0.39017436	0.32778605	1.7251541	-934.97661	1.3462587e6	0
0.537	1.2269513	0.3902792	0.32781699	1.7225927	-932.20233	1.3405283e6	0
0.538	1.2269986	0.39038336	0.32784769	1.7200427	-929.44445	1.3348388e6	0
0.539	1.2270455	0.39048682	0.32787817	1.7175039	-926.70285	1.3291897e6	0
0.54	1.2270919	0.39058961	0.32790842	1.7149764	-923.97738	1.3235806e6	0
0.541	1.2271379	0.39069172	0.32793844	1.7124599	-921.26789	1.3180112e6	0
0.542	1.2271835	0.39079317	0.32796825	1.7099546	-918.57424	1.3124809e6	0
0.543	1.2272287	0.39089395	0.32799784	1.7074602	-915.8963	1.3069896e6	0
0.544	1.2272735	0.39099408	0.32802721	1.7049766	-913.23392	1.3015367e6	0
0.545	1.2273178	0.39109356	0.32805636	1.7025039	-910.58698	1.2961218e6	0
0.546	1.2273618	0.39119238	0.3280853	1.7000419	-907.95534	1.2907447e6	0
0.547	1.2274053	0.39129057	0.32811403	1.6975906	-905.33887	1.2854049e6	0
0.548	1.2274485	0.39138812	0.32814255	1.6951498	-902.73743	1.2801021e6	0
0.549	1.2274912	0.39148504	0.32817087	1.6927195	-900.1509	1.274836e6	0
0.55	1.2275336	0.39158133	0.32819897	1.6902997	-897.57914	1.2696061e6	0
0.551	1.2275756	0.391677	0.32822688	1.6878902	-895.02204	1.2644121e6	0
0.552	1.2276172	0.39177206	0.32825458	1.685491	-892.47947	1.2592536e6	0
0.553	1.2276584	0.3918665	0.32828208	1.6831019	-889.95131	1.2541304e6	0
0.554	1.2276993	0.39196034	0.32830939	1.680723	-887.43742	1.2490422e6	0
0.555	1.2277398	0.39205357	0.32833649	1.6783542	-884.9377	1.2439884e6	0
0.556	1.2277799	0.39214621	0.32836341	1.6759953	-882.45202	1.2389689e6	0
0.557	1.2278197	0.39223826	0.32839013	1.6736464	-879.98027	1.2339833e6	0
0.558	1.2278591	0.39232971	0.32841665	1.6713073	-877.52232	1.2290313e6	0
0.559	1.2278982	0.39242059	0.32844299	1.668978	-875.07806	1.2241125e6	0
0.56	1.2279369	0.39251088	0.32846915	1.6666584	-872.64739	1.2192267e6	0
0.561	1.2279753	0.3926006	0.32849511	1.6643485	-870.23018	1.2143736e6	0
0.562	1.2280133	0.39268976	0.32852089	1.6620481	-867.82632	1.2095528e6	0
0.563	1.228051	0.39277834	0.32854649	1.6597573	-865.43571	1.204764e6	0
0.564	1.2280884	0.39286637	0.32857191	1.6574759	-863.05823	1.2000069e6	0
0.565	1.2281254	0.39295384	0.32859714	1.6552038	-860.69378	1.1952813e6	0
0.566	1.2281621	0.39304075	0.3286222	1.6529411	-858.34224	1.1905869e6	0
0.567	1.2281985	0.39312712	0.32864708	1.6506877	-856.00353	1.1859233e6	0
0.568	1.2282346	0.39321295	0.32867179	1.6484434	-853.67752	1.1812903e6	0
0.569	1.2282703	0.39329823	0.32869633	1.6462083	-851.36412	1.1766876e6	0
0.57	1.2283057	0.39338299	0.32872069	1.6439822	-849.06322	1.1721149e6	0
0.571	1.2283409	0.39346721	0.32874488	1.6417651	-846.77472	1.167572e6	0
0.572	1.2283757	0.3935509	0.3287689	1.639557	-844.49853	1.1630585e6	0
0.573	1.2284102	0.39363407	0.32879276	1.6373578	-842.23454	1.1585743e6	0
0.574	1.2284444	0.39371672	0.32881645	1.6351674	-839.98266	1.1541189e6	0
0.575	1.2284784	0.39379886	0.32883998	1.6329857	-837.74279	1.1496923e6	0
0.576	1.228512	0.39388049	0.32886334	1.6308128	-835.51483	1.1452941e6	0
0.577	1.2285453	0.39396161	0.32888654	1.6286485	-833.29869	1.140924e6	0
0.578	1.2285784	0.39404222	0.32890958	1.6264928	-831.09428	1.1365819e6	0
0.579	1.2286111	0.39412234	0.32893246	1.6243457	-828.90149	1.1322674e6	0
0.58	1.2286436	0.39420196	0.32895518	1.622207	-826.72025	1.1279804e6	0
0.581	1.2286758	0.39428109	0.32897775	1.6200768	-824.55046	1.1237205e6	0
0.582	1.2287077	0.39435974	0.32900017	1.6179549	-822.39203	1.1194875e6	0
0.583	1.2287394	0.39443789	0.32902242	1.6158414	-820.24486	1.1152813e6	0
0.584	1.2287708	0.39451557	0.32904453	1.6137361	-818.10888	1.1111015e6	0
0.585	1.2288019	0.39459277	0.32906649	1.611639	-815.984	1.1069479e6	0
0.586	1.2288328	0.3946695	0.32908829	1.60955	-813.87012	1.1028203e6	0
0.587	1.2288633	0.39474576	0.32910995	1.6074692	-811.76717	1.0987184e6	0
0.588	1.2288937	0.39482155	0.32913146	1.6053964	-809.67506	1.0946421e6	0
0.589	1.2289237	0.39489688	0.32915283	1.6033316	-807.5937	1.0905912e6	0
0.59	1.2289536	0.39497175	0.32917405	1.6012748	-805.52302	1.0865653e6	0
0.591	1.2289831	0.39504616	0.32919513	1.5992259	-803.46293	1.0825643e6	0
0.592	1.2290125	0.39512012	0.32921606	1.5971848	-801.41335	1.0785879e6	0
0.593	1.2290415	0.39519364	0.32923686	1.5951515	-799.37419	1.074636e6	0
0.594	1.2290704	0.3952667	0.32925751	1.5931259	-797.34539	1.0707084e6	0
0.595	1.2290989	0.39533933	0.32927803	1.591108	-795.32686	1.0668047e6	0
0.596	1.2291273	0.39541151	0.32929841	1.5890978	-793.31853	1.0629249e6	0
0.597	1.2291554	0.39548326	0.32931865	1.5870952	-791.32031	1.0590687e6	0
0.598	1.2291833	0.39555458	0.32933876	1.5851002	-789.33213	1.055236e6	0
0.599	1.2292109	0.39562547	0.32935873	1.5831126	-787.35392	1.0514264e6	0
0.6	1.2292383	0.39569593	0.32937857	1.5811325	-785.3856	1.0476399e6	0
